4 8 17 28 49 6 11 44 5 14 45 53 65 106 202 242 265 240 274 275 278 286 287 288 289 290 291 292 293 294 295 296 #SUP: 1
4 17 49 7 14 34 45 46 53 65 106 114 242 265 19 48 85 148 149 154 155 204 248 257 266 274 275 278 268 269 270 271 272 273 276 277 279 280 281 282 283 284 285 #SUP: 1
4 8 6 266 267 #SUP: 1
4 8 49 6 44 7 114 202 242 265 54 99 132 195 240 248 257 239 241 243 244 245 246 247 249 250 251 252 253 254 255 256 258 259 260 261 262 263 264 #SUP: 1
28 49 11 44 18 34 65 106 114 202 1 3 13 21 22 27 30 33 38 39 47 51 54 85 99 132 148 149 154 155 195 204 55 56 57 58 59 60 61 62 63 64 66 67 68 69 70 71 72 73 74 75 76 77 78 79 80 81 82 83 84 86 87 88 89 90 91 92 93 94 95 96 97 98 100 101 102 103 104 105 107 108 109 110 111 112 113 115 116 117 118 119 120 121 122 123 124 125 126 127 128 129 130 131 133 134 135 136 137 138 139 140 141 142 143 144 145 146 147 150 151 152 153 156 157 158 159 160 161 162 163 164 165 166 167 168 169 170 171 172 173 174 175 176 177 178 179 180 181 182 183 184 185 186 187 188 189 190 191 192 193 194 196 197 198 199 200 201 203 205 206 207 208 209 210 211 212 213 214 215 216 217 218 219 220 221 222 223 224 225 226 227 228 229 230 231 232 233 234 235 236 237 238 #SUP: 1
8 17 28 11 5 18 46 53 51 50 52 #SUP: 1
17 28 49 44 45 46 29 38 39 47 48 35 36 37 40 41 42 43 #SUP: 1
28 34 27 29 30 33 23 24 25 26 31 32 #SUP: 1
4 8 17 6 11 5 7 14 18 1 3 13 19 21 22 2 9 10 12 15 16 20 #SUP: 1
4 17 49 14 45 53 65 106 242 265 274 275 278 #SUP: 2
4 266 #SUP: 2
4 49 7 114 242 265 248 257 #SUP: 2
4 8 49 6 44 202 242 265 240 #SUP: 2
49 34 65 106 114 85 148 149 154 155 204 #SUP: 2
49 44 114 202 54 99 132 195 #SUP: 2
28 11 18 51 #SUP: 2
17 49 45 46 48 #SUP: 2
28 49 44 38 39 47 #SUP: 2
28 34 27 30 33 #SUP: 2
28 29 #SUP: 2
11 18 1 3 13 21 22 #SUP: 2
4 17 7 14 19 #SUP: 2
4 49 242 265 #SUP: 3
28 49 11 44 65 106 202 #SUP: 2
49 44 202 #SUP: 3
49 114 #SUP: 3
49 65 106 #SUP: 3
17 46 53 #SUP: 2
8 17 28 11 5 53 #SUP: 2
17 53 #SUP: 3
17 28 46 #SUP: 2
17 46 #SUP: 3
17 28 49 44 45 #SUP: 2
17 49 45 #SUP: 3
34 #SUP: 3
8 17 11 5 18 #SUP: 2
11 18 #SUP: 3
4 8 17 6 11 5 14 #SUP: 2
4 17 14 #SUP: 3
4 8 6 7 #SUP: 2
4 7 #SUP: 3
8 17 11 5 #SUP: 3
28 49 44 #SUP: 3
49 44 #SUP: 4
28 11 #SUP: 3
11 #SUP: 4
4 8 6 #SUP: 4
49 #SUP: 5
17 28 #SUP: 3
28 #SUP: 5
17 #SUP: 5
8 #SUP: 5
4 #SUP: 5
