285 211 331 31 3357 #SUP: 3
285 20 211 837 8 512 56 199 517 530 30 2890 3273 #SUP: 3
285 332 211 1885 62 89 168 1796 3087 #SUP: 3
169 199 363 2924 #SUP: 3
195 285 332 1885 805 1796 2285 2342 2613 #SUP: 3
195 285 20 8 512 517 1071 1455 1867 2502 2484 2548 #SUP: 3
285 332 20 737 8 512 1885 473 517 1796 172 2511 #SUP: 3
195 285 332 211 1885 62 497 805 1796 1737 2243 #SUP: 3
195 285 332 331 978 1885 805 1796 2048 2090 2103 2189 #SUP: 3
2184 #SUP: 3
195 285 332 20 512 1885 13 444 517 805 1071 1796 500 1412 1867 1681 1795 2155 #SUP: 3
285 20 211 331 837 69 512 56 517 530 895 2123 #SUP: 3
195 285 20 331 512 517 1071 1867 2048 2098 #SUP: 3
195 285 20 211 837 169 512 56 497 517 530 1071 363 1070 1130 1227 1346 1452 1867 73 641 1654 1764 1888 #SUP: 3
195 285 211 331 954 497 2048 1541 1704 1884 #SUP: 3
1885 1774 #SUP: 3
195 285 20 211 331 837 169 954 490 1452 1508 #SUP: 3
195 285 20 211 837 169 408 30 1452 1455 1454 1505 #SUP: 3
285 332 20 211 331 837 62 76 117 1478 #SUP: 3
484 488 737 735 1175 1473 #SUP: 3
285 332 20 211 737 837 62 76 89 473 30 197 988 1414 #SUP: 3
195 285 20 331 1455 1383 1400 #SUP: 3
169 1392 #SUP: 3
195 285 332 211 331 954 62 1368 #SUP: 3
195 837 69 1116 36 738 1227 1256 1346 1355 #SUP: 3
332 837 69 1352 #SUP: 3
69 1116 738 1256 1348 #SUP: 3
332 837 8 199 1328 #SUP: 3
484 195 332 1217 #SUP: 3
484 332 488 8 1212 #SUP: 3
195 285 332 20 837 169 954 76 444 117 490 1069 1183 #SUP: 3
484 488 737 1172 1175 1168 #SUP: 3
195 285 332 20 737 8 512 444 473 805 1029 1071 172 500 1050 1138 #SUP: 3
195 285 20 837 8 169 512 56 408 497 530 1071 782 1070 1130 543 667 758 1073 1085 #SUP: 3
195 285 332 20 837 169 512 56 76 444 497 530 805 1071 500 1070 1102 1130 58 300 1059 #SUP: 3
195 285 332 20 512 978 444 805 1071 500 1020 220 769 877 1056 #SUP: 3
195 285 332 954 978 497 805 612 1022 #SUP: 3
195 285 954 408 497 31 782 365 742 995 #SUP: 3
195 285 332 89 168 408 497 805 110 782 993 #SUP: 3
285 332 20 737 837 8 512 56 76 89 168 473 530 172 197 988 851 #SUP: 3
484 195 285 332 978 805 798 #SUP: 3
484 488 561 737 69 489 978 735 734 #SUP: 3
211 608 #SUP: 3
484 488 574 #SUP: 3
484 285 332 20 331 488 737 473 735 443 541 #SUP: 3
195 285 20 837 69 169 512 954 56 497 530 1071 1116 36 490 776 895 1070 1130 501 #SUP: 3
195 285 20 8 512 1071 441 #SUP: 3
195 285 332 20 737 837 169 76 89 408 444 473 1029 197 988 440 #SUP: 3
195 285 211 408 497 782 59 397 #SUP: 3
285 332 20 211 837 512 1885 56 62 76 517 530 1796 112 284 #SUP: 3
195 332 837 8 1029 205 #SUP: 3
169 112 363 1102 164 #SUP: 3
737 169 110 1102 99 #SUP: 3
195 837 8 199 1227 1346 86 #SUP: 3
331 2501 2502 #SUP: 3
1885 2502 #SUP: 3
285 20 331 8 512 517 2501 #SUP: 3
331 1885 2501 #SUP: 3
195 285 332 20 737 13 444 473 1029 1412 1455 #SUP: 3
195 285 332 20 211 837 169 13 62 76 444 1412 1452 #SUP: 3
195 285 332 20 331 13 444 1378 1412 #SUP: 3
331 1885 1378 #SUP: 3
331 954 1378 #SUP: 3
195 332 837 13 1227 1346 #SUP: 3
69 169 1116 363 738 776 1256 #SUP: 3
69 199 1116 738 1256 #SUP: 3
69 169 978 1116 776 1102 #SUP: 3
195 332 837 69 1116 36 1020 #SUP: 3
484 195 332 488 8 1029 1020 #SUP: 3
195 332 13 1020 #SUP: 3
484 285 332 20 488 561 737 837 489 76 89 473 735 117 197 573 988 #SUP: 3
285 332 20 837 69 512 978 56 76 530 117 895 #SUP: 3
285 20 837 8 69 512 56 530 31 895 #SUP: 3
484 488 561 737 489 1175 573 #SUP: 3
484 488 561 737 489 168 1172 573 #SUP: 3
195 285 20 837 169 954 408 490 #SUP: 3
484 285 332 331 978 1885 1796 443 #SUP: 3
484 285 332 211 331 62 89 443 #SUP: 3
484 195 285 332 331 443 #SUP: 3
484 285 332 20 488 737 8 512 978 473 735 1172 172 #SUP: 3
737 199 112 #SUP: 3
69 978 112 #SUP: 3
484 978 110 #SUP: 3
195 837 8 69 1116 36 #SUP: 3
484 285 332 978 89 168 31 #SUP: 3
285 20 211 331 837 30 #SUP: 3
561 1 #SUP: 3
211 1 #SUP: 3
285 332 20 331 512 978 1885 517 1796 #SUP: 3
285 332 211 331 978 1885 62 1796 #SUP: 3
484 195 285 332 20 488 737 444 473 735 1029 1175 #SUP: 3
484 488 737 978 735 1175 #SUP: 3
484 488 561 737 169 489 735 1175 #SUP: 3
484 488 561 69 489 1116 #SUP: 3
195 332 8 13 1029 #SUP: 3
195 332 837 13 1029 #SUP: 3
484 195 332 488 13 1029 #SUP: 3
484 195 332 488 561 837 489 1029 #SUP: 3
195 285 332 211 62 89 408 #SUP: 3
484 195 285 332 954 89 408 #SUP: 3
195 285 211 331 954 408 #SUP: 3
484 488 561 69 489 199 #SUP: 3
837 8 69 199 #SUP: 3
331 954 1885 #SUP: 3
484 332 488 561 837 8 69 489 #SUP: 3
211 561 #SUP: 3
