499 1389 4858 #SUP: 3
488 3486 4847 #SUP: 3
499 420 461 2520 2523 4844 #SUP: 3
488 3486 1584 4762 #SUP: 3
488 90 4760 #SUP: 3
488 388 690 3486 1584 1593 4707 4678 4703 4739 #SUP: 3
90 4685 #SUP: 3
499 421 3435 4576 #SUP: 3
3435 1914 709 897 4520 4521 4522 #SUP: 3
1673 4517 #SUP: 3
488 4600 4476 #SUP: 3
1787 2979 4472 #SUP: 3
411 4443 #SUP: 3
488 3486 382 2538 2608 4423 #SUP: 3
488 4112 #SUP: 3
488 388 3435 3944 #SUP: 3
3926 #SUP: 3
499 411 421 690 1813 3486 3154 2076 1693 1830 3636 3846 3159 3835 3836 3837 3838 3840 3841 3842 3843 3844 3845 3849 3850 3851 3852 3853 3854 3855 3856 3857 3858 3859 3860 3861 3862 3863 3864 3865 3866 3867 3869 3870 3830 3831 3832 3833 3834 3839 3847 3848 3868 #SUP: 3
3748 #SUP: 3
3745 #SUP: 3
3706 #SUP: 3
499 411 421 3486 3154 3636 3692 #SUP: 3
3494 #SUP: 3
3451 #SUP: 3
3434 #SUP: 3
3427 #SUP: 3
3417 #SUP: 3
3395 #SUP: 3
3229 #SUP: 3
3227 #SUP: 3
3121 #SUP: 3
3103 #SUP: 3
3099 #SUP: 3
488 388 3097 #SUP: 3
3066 3040 #SUP: 3
488 153 3031 #SUP: 3
2807 #SUP: 3
2768 #SUP: 3
2743 #SUP: 3
2735 #SUP: 3
559 656 2726 #SUP: 3
2704 #SUP: 3
2629 #SUP: 3
2622 #SUP: 3
2605 #SUP: 3
488 2592 2591 #SUP: 3
2550 #SUP: 3
488 153 382 2538 2608 2539 #SUP: 3
488 499 2509 #SUP: 3
488 2498 #SUP: 3
499 1246 617 2432 2477 #SUP: 3
488 499 421 388 484 402 382 1991 1993 2506 2507 2538 2568 2608 2382 #SUP: 3
2368 #SUP: 3
488 1817 2277 2281 2282 #SUP: 3
499 153 1246 617 981 1225 1269 2076 1830 2102 1974 2103 2272 2280 #SUP: 3
488 499 153 1246 617 12 1173 993 484 402 2000 1991 198 688 1977 1993 2074 2193 866 1857 2024 1965 1973 2040 2150 2267 #SUP: 3
488 82 1194 1957 1991 2253 2247 #SUP: 3
1173 993 484 191 628 1225 1957 2076 1235 1884 2074 670 2227 2071 2072 2073 2075 2077 2225 #SUP: 3
153 1246 993 2200 #SUP: 3
617 1173 215 273 2193 2199 #SUP: 3
153 1173 1977 1837 1858 2196 2197 #SUP: 3
981 1997 2106 2173 #SUP: 3
488 499 1246 617 1957 2139 2159 #SUP: 3
12 1173 607 2026 #SUP: 3
488 499 90 1246 215 2000 1576 1727 1994 2006 #SUP: 3
488 153 617 12 215 1194 1433 1977 1974 1967 2002 #SUP: 3
488 499 402 1194 2076 1830 1985 #SUP: 3
499 637 1982 #SUP: 3
488 90 153 617 1173 215 993 628 1957 2227 1961 #SUP: 3
488 499 12 484 402 1225 1433 1991 1914 1987 1993 2193 1983 2024 1925 #SUP: 3
1843 #SUP: 3
1787 1788 #SUP: 3
1782 #SUP: 3
1781 #SUP: 3
1173 993 1774 1129 1735 1761 #SUP: 3
1755 #SUP: 3
1729 #SUP: 3
1721 #SUP: 3
153 1712 #SUP: 3
1704 #SUP: 3
1428 1692 #SUP: 3
1606 #SUP: 3
1596 #SUP: 3
90 153 1584 1593 1560 #SUP: 3
1534 #SUP: 3
411 938 1508 #SUP: 3
153 1246 1451 #SUP: 3
90 153 1246 617 12 484 1433 1576 1502 1689 1727 1450 #SUP: 3
103 1746 991 1735 1447 #SUP: 3
387 1430 #SUP: 3
1409 #SUP: 3
1406 #SUP: 3
1399 #SUP: 3
499 1125 1269 1293 504 946 1256 1273 1370 1389 713 1180 1257 1270 1296 1308 1335 1344 1371 1248 1250 1251 1252 1253 1254 1255 1258 1259 1260 1261 1262 1263 1264 1265 1266 1267 1268 1271 1272 1274 1275 1276 1277 1278 1279 1280 1281 1282 1283 1284 1285 1286 1287 1288 1289 1290 1291 1292 1294 1295 1297 1298 1299 1300 1301 1302 1303 1304 1305 1306 1307 1309 1310 1311 1312 1313 1314 1315 1316 1317 1318 1319 1320 1323 1324 1325 1326 1327 1328 1329 1330 1331 1332 1333 1334 1336 1337 1338 1339 1340 1341 1342 1343 1345 1346 1347 1348 1349 1350 1351 1352 1353 1354 1355 1356 1357 1360 1361 1362 1363 1364 1365 1366 1367 1368 1369 1372 1373 1374 1375 1376 1377 1384 1385 1386 1388 1390 1391 1392 #SUP: 3
1242 #SUP: 3
1173 1205 #SUP: 3
1191 #SUP: 3
1175 #SUP: 3
1173 637 82 1194 1225 1235 1158 #SUP: 3
1130 #SUP: 3
1127 #SUP: 3
674 1126 #SUP: 3
674 1115 #SUP: 3
1094 1091 1092 #SUP: 3
153 993 981 1003 1055 #SUP: 3
1008 #SUP: 3
1000 #SUP: 3
998 #SUP: 3
1005 992 #SUP: 3
993 977 #SUP: 3
975 #SUP: 3
882 #SUP: 3
870 #SUP: 3
736 #SUP: 3
82 191 728 #SUP: 3
411 708 #SUP: 3
705 #SUP: 3
674 669 #SUP: 3
617 628 670 653 #SUP: 3
617 628 190 605 624 633 603 622 623 626 627 630 645 #SUP: 3
599 608 611 #SUP: 3
488 585 583 591 #SUP: 3
559 550 #SUP: 3
499 411 421 68 383 524 #SUP: 3
522 #SUP: 3
153 423 465 #SUP: 3
422 #SUP: 3
488 90 153 215 417 #SUP: 3
499 96 106 410 #SUP: 3
488 391 #SUP: 3
484 338 #SUP: 3
499 411 421 328 #SUP: 3
488 190 298 #SUP: 3
285 #SUP: 3
488 499 90 153 215 273 484 82 191 402 198 368 279 49 185 272 #SUP: 3
488 243 #SUP: 3
93 241 #SUP: 3
229 #SUP: 3
153 218 #SUP: 3
232 211 #SUP: 3
202 200 #SUP: 3
197 #SUP: 3
66 #SUP: 3
103 368 55 #SUP: 3
22 #SUP: 3
19 #SUP: 3
17 #SUP: 3
15 #SUP: 3
4 1 #SUP: 3
4600 4707 #SUP: 3
2979 4707 #SUP: 3
284 4707 #SUP: 3
4707 #SUP: 4
1787 2979 4470 #SUP: 3
68 4470 #SUP: 3
499 4470 #SUP: 3
4470 #SUP: 4
4018 #SUP: 4
488 4018 #SUP: 3
731 3974 #SUP: 4
731 3970 3974 #SUP: 3
3886 #SUP: 4
585 3875 #SUP: 3
90 3875 #SUP: 3
3875 #SUP: 4
499 411 3154 1063 1693 3636 3846 1578 3835 3836 3837 3838 3840 3841 3842 3843 3844 3845 3849 3850 3851 3852 3853 3854 3855 3856 3857 3858 3859 3860 3861 3862 3863 3864 3865 3866 3869 3870 #SUP: 3
499 411 3154 1693 3636 3846 3835 3836 3837 3838 3840 3841 3842 3843 3844 3845 3849 3850 3851 3852 3853 3854 3855 3856 3857 3858 3859 3860 3861 3862 3863 3864 3865 3866 3869 3870 #SUP: 4
488 499 411 3154 1693 3636 3846 3835 3836 3837 3838 3840 3841 3842 3843 3844 3845 3849 3850 3851 3852 3853 3854 3855 3856 3857 3858 3859 3860 3861 3862 3863 3864 3865 3866 3869 3870 #SUP: 3
499 421 3435 3867 #SUP: 3
499 421 357 3867 #SUP: 3
499 421 3867 #SUP: 4
2979 4600 3616 #SUP: 3
779 3486 585 3616 #SUP: 3
68 3616 #SUP: 3
3616 #SUP: 4
411 3846 3504 #SUP: 3
499 357 3486 3504 #SUP: 3
3504 #SUP: 4
3471 #SUP: 4
999 1002 3471 #SUP: 3
3470 #SUP: 4
2592 3470 #SUP: 3
488 3383 #SUP: 4
488 90 3383 #SUP: 3
488 3377 #SUP: 4
488 1433 1429 3377 #SUP: 3
3342 #SUP: 4
3154 2076 3245 3159 #SUP: 3
3154 2076 3159 #SUP: 4
617 674 3124 #SUP: 3
488 3124 #SUP: 3
3124 #SUP: 4
3102 #SUP: 4
488 411 3102 #SUP: 3
3037 #SUP: 4
617 3037 #SUP: 3
2941 #SUP: 4
617 674 1589 2941 #SUP: 3
499 411 3154 3636 2686 #SUP: 3
1246 2686 #SUP: 3
2686 #SUP: 4
488 12 382 1673 2538 2608 #SUP: 3
488 382 2538 2608 #SUP: 4
2593 #SUP: 4
488 2593 #SUP: 3
499 96 2000 2520 2523 2568 #SUP: 3
499 2568 #SUP: 4
488 499 421 388 690 1813 402 1593 2457 2506 2507 2520 2523 #SUP: 3
499 2520 2523 #SUP: 4
488 499 411 421 388 3486 402 3154 3435 3636 2506 2507 #SUP: 3
488 499 421 388 402 2506 2507 #SUP: 4
2979 2478 #SUP: 3
488 2478 #SUP: 3
2478 #SUP: 4
488 388 1813 387 2457 #SUP: 3
488 411 388 1813 2457 #SUP: 3
488 388 1813 2457 #SUP: 4
488 499 90 153 484 191 402 2000 1433 1991 2076 1830 1914 1993 2074 1689 2096 2253 #SUP: 3
488 357 1991 2253 #SUP: 3
488 1991 2253 #SUP: 4
1173 993 628 1957 2227 #SUP: 4
215 82 2000 2096 #SUP: 3
2000 2096 #SUP: 4
488 499 12 421 484 402 1991 1993 2193 2024 #SUP: 3
488 499 12 484 402 1991 1993 2193 2024 #SUP: 4
488 90 1987 1983 #SUP: 3
488 1987 1983 #SUP: 4
153 617 1974 #SUP: 4
488 153 690 1857 #SUP: 3
488 90 153 1857 #SUP: 3
488 153 1857 #SUP: 4
1774 1756 #SUP: 3
1746 1753 1756 #SUP: 3
1787 1756 #SUP: 3
1756 #SUP: 4
90 1246 411 1576 1727 #SUP: 3
90 1246 1576 1727 #SUP: 4
90 153 484 1433 427 1689 #SUP: 3
90 153 411 484 1433 1689 #SUP: 3
90 153 484 1433 1689 #SUP: 4
411 1674 #SUP: 3
488 1674 #SUP: 3
1674 #SUP: 4
1589 1591 1735 1590 1592 #SUP: 3
1173 1774 1589 1590 1592 #SUP: 3
103 1589 1590 1592 #SUP: 3
617 674 1589 1590 1592 #SUP: 3
1589 1590 1592 #SUP: 4
153 1593 1582 #SUP: 3
1584 1582 #SUP: 3
617 1582 #SUP: 3
1582 #SUP: 4
411 779 1223 1693 1578 #SUP: 3
1246 411 1693 1578 #SUP: 3
411 1693 1578 #SUP: 4
499 1246 273 1194 688 2102 1502 #SUP: 3
1246 1502 #SUP: 4
411 484 1433 1429 #SUP: 3
12 1433 1429 #SUP: 3
153 674 1433 1429 #SUP: 3
1433 1429 #SUP: 4
1397 #SUP: 4
488 1397 #SUP: 3
1394 #SUP: 4
1787 1394 #SUP: 3
499 779 1269 1335 1371 #SUP: 3
499 1269 1335 1371 #SUP: 4
1125 1344 #SUP: 4
499 1308 #SUP: 4
499 1293 1256 1257 1296 #SUP: 4
1270 #SUP: 4
1180 #SUP: 4
1160 #SUP: 4
1101 #SUP: 4
674 1101 #SUP: 3
1094 #SUP: 4
1005 #SUP: 4
1042 1005 #SUP: 3
999 1002 #SUP: 4
993 991 984 #SUP: 3
1173 103 1774 984 #SUP: 3
984 #SUP: 4
972 #SUP: 4
940 972 #SUP: 3
586 897 #SUP: 3
897 #SUP: 4
885 #SUP: 4
867 #SUP: 4
202 867 #SUP: 3
866 #SUP: 4
722 #SUP: 4
779 713 #SUP: 3
713 #SUP: 4
411 709 #SUP: 3
709 #SUP: 4
1173 993 368 702 #SUP: 3
690 702 #SUP: 3
702 #SUP: 4
488 683 #SUP: 4
488 499 411 3154 3636 683 #SUP: 3
628 670 #SUP: 4
488 617 637 628 607 638 #SUP: 3
499 637 1269 1273 1370 638 #SUP: 3
637 638 #SUP: 4
617 633 #SUP: 4
617 674 624 #SUP: 3
617 624 #SUP: 4
599 618 #SUP: 3
488 618 #SUP: 3
618 #SUP: 4
607 #SUP: 4
674 628 605 #SUP: 3
628 605 #SUP: 4
585 583 593 #SUP: 3
90 593 #SUP: 3
488 593 #SUP: 3
593 #SUP: 4
592 #SUP: 4
488 592 #SUP: 3
586 #SUP: 4
585 583 #SUP: 4
488 578 #SUP: 4
488 499 411 421 284 388 402 420 461 #SUP: 3
499 96 420 461 #SUP: 3
499 420 461 #SUP: 4
488 499 90 153 484 191 402 427 #SUP: 3
90 153 411 484 362 427 #SUP: 3
90 153 484 427 #SUP: 4
273 1884 279 #SUP: 3
273 279 #SUP: 4
382 266 #SUP: 3
499 153 421 266 #SUP: 3
266 #SUP: 4
215 96 240 #SUP: 3
215 99 240 #SUP: 3
215 240 #SUP: 4
232 #SUP: 4
488 232 #SUP: 3
1173 224 #SUP: 3
153 224 #SUP: 3
224 #SUP: 4
4600 201 #SUP: 3
488 499 411 421 388 484 402 382 201 #SUP: 3
68 201 #SUP: 3
284 96 201 #SUP: 3
201 #SUP: 4
196 #SUP: 4
190 #SUP: 4
488 499 153 484 402 198 184 #SUP: 3
2000 184 #SUP: 3
96 184 #SUP: 3
215 82 184 #SUP: 3
184 #SUP: 4
1042 95 #SUP: 3
153 95 #SUP: 3
95 #SUP: 4
93 94 #SUP: 4
74 #SUP: 4
93 74 #SUP: 3
18 #SUP: 4
488 388 3486 4600 #SUP: 3
284 4600 #SUP: 3
488 90 4600 #SUP: 3
488 4600 #SUP: 4
4600 #SUP: 5
3970 #SUP: 5
731 3970 #SUP: 4
411 3846 #SUP: 5
499 411 779 421 3486 999 3154 3636 #SUP: 3
499 411 421 3486 3154 3636 #SUP: 4
499 411 3154 3636 #SUP: 5
488 499 411 3154 3636 #SUP: 4
999 3245 #SUP: 3
779 690 3486 3245 #SUP: 3
3245 #SUP: 5
3066 #SUP: 5
938 3066 #SUP: 3
3032 #SUP: 5
938 3032 #SUP: 3
617 1173 2193 #SUP: 4
2193 #SUP: 5
499 1246 421 357 2102 #SUP: 3
153 938 2102 #SUP: 3
499 1246 2102 #SUP: 4
488 153 2102 #SUP: 3
153 2102 #SUP: 4
2102 #SUP: 5
488 499 153 421 484 690 1813 402 2000 1991 1993 2074 #SUP: 3
488 499 153 484 402 2000 1991 1993 2074 #SUP: 4
484 385 2074 #SUP: 3
1173 993 484 2083 2074 #SUP: 3
484 191 2076 2074 #SUP: 4
1173 993 484 2074 #SUP: 4
484 2074 #SUP: 5
488 499 411 421 484 402 1433 1991 1914 1993 #SUP: 3
488 499 484 402 1433 1991 1914 1993 #SUP: 4
488 499 421 484 402 1991 1993 #SUP: 4
488 499 484 402 1991 1993 #SUP: 5
488 1987 #SUP: 5
153 1173 2083 1977 #SUP: 3
153 1173 1977 #SUP: 4
488 153 617 12 1977 #SUP: 4
153 1977 #SUP: 5
90 1884 1914 #SUP: 3
90 1914 #SUP: 4
1914 #SUP: 5
1884 #SUP: 5
488 499 411 421 690 1813 402 2076 1830 #SUP: 3
488 499 402 2076 1830 #SUP: 4
499 153 411 421 357 690 1813 2076 1830 #SUP: 3
499 411 421 690 1813 2076 1830 #SUP: 4
499 153 2076 1830 #SUP: 4
499 2076 1830 #SUP: 5
1396 1798 #SUP: 3
1787 679 1798 #SUP: 3
1798 #SUP: 5
1173 993 103 1129 1735 #SUP: 3
1173 993 1129 1735 #SUP: 4
103 1735 #SUP: 4
674 1735 #SUP: 3
1735 #SUP: 5
411 1584 1593 1693 #SUP: 3
153 411 362 1693 #SUP: 3
90 411 1693 #SUP: 3
411 1693 #SUP: 5
99 98 1673 #SUP: 3
12 484 1673 #SUP: 3
153 12 1673 #SUP: 3
12 1673 #SUP: 4
90 1673 #SUP: 3
1673 #SUP: 5
779 1584 1593 #SUP: 3
1584 1593 #SUP: 4
387 1593 #SUP: 3
488 153 388 690 1593 #SUP: 3
488 388 690 1593 #SUP: 4
153 484 1593 #SUP: 3
153 1593 #SUP: 4
1593 #SUP: 5
1589 1591 #SUP: 4
617 674 1663 1589 1591 #SUP: 3
99 98 1591 #SUP: 3
1173 993 1591 #SUP: 3
1246 617 1591 #SUP: 3
153 617 1591 #SUP: 3
488 617 1591 #SUP: 3
617 1591 #SUP: 4
1591 #SUP: 5
617 674 1584 1589 #SUP: 3
617 674 1589 #SUP: 4
1589 #SUP: 5
499 215 2000 1576 #SUP: 4
1576 #SUP: 5
1042 1557 #SUP: 3
1746 1557 #SUP: 3
674 1557 #SUP: 3
1557 #SUP: 5
499 1389 #SUP: 5
499 1125 1269 1273 1370 #SUP: 4
499 1269 1273 1370 #SUP: 5
1256 #SUP: 5
1173 637 599 1235 #SUP: 3
1173 993 637 981 368 1235 #SUP: 3
1173 1225 1235 #SUP: 4
1173 637 1235 #SUP: 4
1173 993 1235 #SUP: 4
1173 1235 #SUP: 5
3486 1223 #SUP: 3
153 1223 #SUP: 3
1223 #SUP: 5
674 1129 #SUP: 3
1129 #SUP: 5
999 1063 #SUP: 3
153 1063 #SUP: 3
1063 #SUP: 5
1042 #SUP: 5
153 1042 #SUP: 3
991 #SUP: 5
504 946 #SUP: 4
946 #SUP: 5
913 #SUP: 5
153 913 #SUP: 3
153 759 #SUP: 3
488 759 #SUP: 3
759 #SUP: 5
488 690 688 #SUP: 3
499 1246 421 688 #SUP: 3
499 1246 688 #SUP: 4
488 688 #SUP: 4
688 #SUP: 5
656 #SUP: 5
559 656 #SUP: 4
600 #SUP: 5
637 599 600 #SUP: 3
488 617 628 580 587 599 #SUP: 3
637 599 #SUP: 4
1173 993 599 #SUP: 3
1173 599 #SUP: 4
599 #SUP: 5
590 #SUP: 5
587 #SUP: 5
488 587 #SUP: 4
90 153 617 580 #SUP: 3
617 580 #SUP: 4
580 #SUP: 5
504 #SUP: 5
499 504 #SUP: 4
153 99 436 #SUP: 3
411 436 #SUP: 3
153 436 #SUP: 4
436 #SUP: 5
488 499 153 421 388 484 96 402 382 385 #SUP: 3
3154 385 #SUP: 3
488 499 96 2000 385 #SUP: 3
484 191 385 #SUP: 3
488 499 90 411 96 385 #SUP: 3
488 499 96 385 #SUP: 4
484 385 #SUP: 4
385 #SUP: 5
1173 993 368 #SUP: 4
12 1173 993 368 #SUP: 3
368 #SUP: 5
332 #SUP: 5
488 332 #SUP: 4
488 90 153 388 202 332 #SUP: 3
488 153 12 2083 198 #SUP: 3
488 499 153 421 484 402 387 198 #SUP: 3
488 153 382 198 #SUP: 3
488 499 153 484 402 198 #SUP: 4
488 90 153 12 198 #SUP: 3
488 153 12 198 #SUP: 4
488 90 153 198 #SUP: 4
488 153 198 #SUP: 5
16 #SUP: 5
3055 #SUP: 6
731 3055 #SUP: 3
362 3020 #SUP: 3
153 3020 #SUP: 3
488 90 3020 #SUP: 3
488 3020 #SUP: 4
3020 #SUP: 6
488 779 3486 1584 2979 #SUP: 3
488 779 3486 585 2979 #SUP: 3
488 499 779 1787 3486 2979 #SUP: 3
488 779 388 3486 2979 #SUP: 3
488 779 3486 2979 #SUP: 4
284 1787 2979 #SUP: 3
1787 2979 #SUP: 4
488 2979 #SUP: 5
2979 #SUP: 6
2696 #SUP: 6
1173 2083 2432 #SUP: 3
153 2083 2432 #SUP: 3
2083 2432 #SUP: 4
3486 2432 #SUP: 3
153 2432 #SUP: 4
488 2432 #SUP: 3
2432 #SUP: 6
488 1991 2083 #SUP: 3
1957 2083 #SUP: 3
1173 2083 #SUP: 4
153 2083 #SUP: 4
488 2083 #SUP: 4
2083 #SUP: 6
1225 2076 #SUP: 4
2076 #SUP: 6
488 1991 #SUP: 6
488 357 1957 #SUP: 3
674 1957 #SUP: 4
488 674 1957 #SUP: 3
488 617 1957 #SUP: 4
488 1957 #SUP: 5
1957 #SUP: 6
215 1877 #SUP: 3
488 153 12 1877 #SUP: 3
488 153 1877 #SUP: 4
488 90 153 1877 #SUP: 3
488 1877 #SUP: 5
1877 #SUP: 6
1173 1774 #SUP: 4
674 1774 #SUP: 3
1774 #SUP: 6
1813 1753 #SUP: 3
488 411 388 1753 #SUP: 3
499 411 1753 #SUP: 3
411 1753 #SUP: 4
1753 #SUP: 6
99 98 1746 #SUP: 3
1173 1746 #SUP: 3
12 1746 #SUP: 3
1746 #SUP: 6
488 1663 #SUP: 4
1663 #SUP: 6
488 499 284 3486 1584 #SUP: 3
488 3486 1584 #SUP: 4
674 357 1584 #SUP: 3
779 1584 #SUP: 4
674 1584 #SUP: 4
1584 #SUP: 6
411 12 484 1433 #SUP: 3
12 484 1433 #SUP: 4
411 484 1433 #SUP: 4
484 1433 #SUP: 5
153 617 12 1433 #SUP: 4
488 12 1433 #SUP: 4
12 1433 #SUP: 5
488 153 1433 #SUP: 4
153 1433 #SUP: 5
488 1433 #SUP: 5
1433 #SUP: 6
1396 #SUP: 6
488 1396 #SUP: 3
484 1293 #SUP: 3
779 1293 #SUP: 3
1293 #SUP: 6
499 1269 #SUP: 6
68 1225 #SUP: 3
3154 1225 #SUP: 3
484 1225 #SUP: 4
499 411 421 1225 #SUP: 3
499 1225 #SUP: 4
1225 #SUP: 6
1143 #SUP: 6
1125 #SUP: 6
938 940 #SUP: 4
153 940 #SUP: 3
488 940 #SUP: 3
940 #SUP: 6
617 628 #SUP: 5
488 617 628 #SUP: 4
628 #SUP: 6
499 779 3486 585 #SUP: 3
779 3486 585 #SUP: 4
617 585 #SUP: 3
488 585 #SUP: 4
585 #SUP: 6
559 #SUP: 6
488 499 421 690 1813 402 387 #SUP: 3
488 499 421 388 402 387 #SUP: 3
488 499 411 421 402 387 #SUP: 3
488 499 421 402 387 #SUP: 4
153 99 484 98 387 #SUP: 3
488 411 1813 387 #SUP: 3
488 1813 387 #SUP: 4
153 1246 617 12 484 387 #SUP: 3
90 153 411 484 387 #SUP: 3
153 484 387 #SUP: 4
488 411 388 387 #SUP: 3
488 388 387 #SUP: 4
488 411 387 #SUP: 4
411 387 #SUP: 5
488 387 #SUP: 5
387 #SUP: 6
488 499 421 388 484 402 382 #SUP: 4
191 202 382 #SUP: 3
488 90 153 382 #SUP: 3
488 153 382 #SUP: 4
488 382 #SUP: 5
382 #SUP: 6
99 98 103 #SUP: 3
484 103 #SUP: 3
1173 103 #SUP: 4
674 103 #SUP: 3
103 #SUP: 6
93 #SUP: 6
90 93 #SUP: 3
96 68 #SUP: 3
82 68 #SUP: 3
499 421 357 68 #SUP: 3
499 421 68 #SUP: 4
68 #SUP: 6
488 388 3435 #SUP: 4
499 421 3435 #SUP: 4
3435 #SUP: 7
484 3154 #SUP: 3
488 3154 #SUP: 5
3154 #SUP: 7
215 731 96 2000 #SUP: 3
499 96 2000 #SUP: 4
96 2000 #SUP: 5
215 2000 #SUP: 5
488 499 90 411 2000 #SUP: 3
488 499 1246 2000 #SUP: 4
488 499 90 2000 #SUP: 4
499 2000 #SUP: 6
488 499 2000 #SUP: 5
2000 #SUP: 7
82 1194 #SUP: 4
357 1194 #SUP: 3
499 421 1194 #SUP: 3
674 1194 #SUP: 3
499 1194 #SUP: 4
488 1194 #SUP: 5
1194 #SUP: 7
488 999 #SUP: 3
999 #SUP: 7
690 1813 981 #SUP: 3
993 981 #SUP: 4
153 938 981 #SUP: 3
12 981 #SUP: 3
411 981 #SUP: 3
153 981 #SUP: 4
981 #SUP: 7
637 679 #SUP: 3
679 #SUP: 7
488 499 90 153 411 421 357 484 191 402 #SUP: 3
488 499 90 153 484 191 402 #SUP: 4
488 499 421 690 1813 402 #SUP: 4
488 499 411 421 484 402 #SUP: 4
488 499 153 421 484 402 #SUP: 4
488 499 421 484 402 #SUP: 5
488 499 153 484 402 #SUP: 5
488 499 484 402 #SUP: 6
488 499 411 421 388 402 #SUP: 4
488 499 421 388 402 #SUP: 5
488 499 411 421 402 #SUP: 5
488 499 421 402 #SUP: 6
488 499 402 #SUP: 7
499 153 411 421 357 362 #SUP: 3
488 90 284 362 #SUP: 3
153 411 362 #SUP: 4
90 362 #SUP: 4
362 #SUP: 7
191 202 #SUP: 4
499 421 357 96 202 #SUP: 3
731 202 #SUP: 4
202 #SUP: 7
82 191 #SUP: 4
484 191 #SUP: 5
191 #SUP: 7
499 99 96 98 #SUP: 3
90 99 98 #SUP: 3
99 98 #SUP: 6
993 98 #SUP: 3
938 98 #SUP: 3
153 1246 98 #SUP: 3
153 98 #SUP: 4
98 #SUP: 7
499 731 96 #SUP: 3
731 96 #SUP: 4
499 421 96 #SUP: 4
215 96 #SUP: 4
499 215 96 #SUP: 3
499 1246 96 #SUP: 3
499 96 #SUP: 6
96 #SUP: 7
488 357 82 #SUP: 3
215 82 #SUP: 4
488 82 #SUP: 4
82 #SUP: 7
153 690 3486 #SUP: 3
690 3486 #SUP: 4
488 388 3486 #SUP: 4
499 779 3486 #SUP: 5
779 3486 #SUP: 6
153 3486 #SUP: 4
488 90 153 3486 #SUP: 3
499 3486 #SUP: 6
488 499 3486 #SUP: 4
488 3486 #SUP: 6
3486 #SUP: 8
488 284 1787 2592 #SUP: 3
488 284 2592 #SUP: 4
488 499 2592 #SUP: 3
488 2592 #SUP: 5
2592 #SUP: 8
1173 993 690 1813 #SUP: 3
499 153 1246 617 421 690 1813 #SUP: 3
499 153 421 690 1813 #SUP: 4
499 421 690 1813 #SUP: 5
690 1813 #SUP: 6
488 421 1813 #SUP: 5
421 1813 #SUP: 6
488 411 1813 #SUP: 4
411 1813 #SUP: 5
488 1813 #SUP: 6
1813 #SUP: 8
284 1787 #SUP: 4
488 1787 #SUP: 5
1787 #SUP: 8
488 90 153 690 #SUP: 3
488 153 690 #SUP: 4
153 690 #SUP: 5
488 690 #SUP: 6
690 #SUP: 8
90 617 637 #SUP: 3
617 637 #SUP: 4
499 637 #SUP: 4
637 #SUP: 8
153 1246 617 12 484 #SUP: 4
12 484 #SUP: 5
674 484 #SUP: 3
90 153 411 484 #SUP: 4
411 484 #SUP: 5
90 153 484 #SUP: 5
153 484 #SUP: 6
484 #SUP: 8
488 411 388 #SUP: 5
488 153 388 #SUP: 4
488 388 #SUP: 8
488 499 284 357 #SUP: 3
499 421 273 357 #SUP: 3
215 273 357 #SUP: 3
273 357 #SUP: 4
499 153 411 421 357 #SUP: 4
499 421 357 #SUP: 5
499 674 357 #SUP: 3
488 674 357 #SUP: 3
674 357 #SUP: 5
617 357 #SUP: 4
499 1246 617 357 #SUP: 3
499 1246 357 #SUP: 4
499 357 #SUP: 6
488 499 357 #SUP: 4
488 357 #SUP: 5
357 #SUP: 8
488 674 284 #SUP: 3
488 90 284 #SUP: 4
488 499 284 #SUP: 4
488 284 #SUP: 7
284 #SUP: 8
215 273 #SUP: 4
499 273 #SUP: 4
273 #SUP: 8
153 617 12 99 #SUP: 3
153 99 #SUP: 4
488 153 99 #SUP: 3
99 #SUP: 8
4 #SUP: 8
12 1173 993 #SUP: 4
488 153 617 1173 993 #SUP: 4
1173 993 #SUP: 7
153 938 993 #SUP: 4
153 1246 993 #SUP: 4
153 993 #SUP: 6
993 #SUP: 9
411 731 #SUP: 3
499 731 #SUP: 4
731 #SUP: 9
499 411 421 #SUP: 6
499 1246 421 #SUP: 4
499 153 421 #SUP: 5
499 421 #SUP: 8
488 421 #SUP: 7
421 #SUP: 9
617 1173 215 #SUP: 4
617 674 215 #SUP: 3
488 153 617 215 #SUP: 4
617 215 #SUP: 5
488 499 90 411 215 #SUP: 3
488 90 153 215 #SUP: 4
488 153 215 #SUP: 5
488 90 215 #SUP: 5
488 499 90 215 #SUP: 4
499 215 #SUP: 5
488 215 #SUP: 6
215 #SUP: 9
1246 617 779 #SUP: 3
411 779 #SUP: 4
153 779 #SUP: 3
499 779 #SUP: 6
779 #SUP: 10
938 1173 #SUP: 3
12 1173 #SUP: 5
674 1173 #SUP: 3
617 1173 #SUP: 5
153 1173 #SUP: 5
1173 #SUP: 11
682 938 #SUP: 3
12 938 #SUP: 3
153 1246 617 938 #SUP: 3
153 617 938 #SUP: 4
90 153 617 938 #SUP: 3
1246 938 #SUP: 5
153 1246 938 #SUP: 4
488 153 938 #SUP: 3
153 938 #SUP: 7
90 938 #SUP: 4
488 938 #SUP: 4
938 #SUP: 11
682 #SUP: 11
488 682 #SUP: 4
153 617 12 #SUP: 5
90 153 12 #SUP: 4
488 153 12 #SUP: 5
153 12 #SUP: 6
488 12 #SUP: 6
12 #SUP: 11
153 617 674 #SUP: 3
488 617 674 #SUP: 3
617 674 #SUP: 6
1246 674 #SUP: 3
90 153 674 #SUP: 3
488 153 674 #SUP: 3
153 674 #SUP: 4
90 674 #SUP: 4
488 90 674 #SUP: 3
488 674 #SUP: 6
674 #SUP: 12
153 1246 411 617 #SUP: 3
499 153 1246 617 #SUP: 4
153 1246 617 #SUP: 5
499 1246 617 #SUP: 5
488 499 1246 617 #SUP: 4
1246 617 #SUP: 6
90 153 617 #SUP: 4
488 153 617 #SUP: 5
153 617 #SUP: 7
90 617 #SUP: 5
488 617 #SUP: 7
617 #SUP: 12
499 1246 411 #SUP: 3
1246 411 #SUP: 4
153 411 #SUP: 5
90 411 #SUP: 5
488 499 90 411 #SUP: 4
499 411 #SUP: 8
488 499 411 #SUP: 6
488 411 #SUP: 7
411 #SUP: 12
153 1246 #SUP: 6
499 1246 #SUP: 8
488 499 1246 #SUP: 5
1246 #SUP: 13
90 153 #SUP: 8
488 90 153 #SUP: 7
499 153 #SUP: 6
488 153 #SUP: 10
153 #SUP: 15
90 #SUP: 15
488 90 #SUP: 10
488 499 90 #SUP: 5
499 #SUP: 17
488 499 #SUP: 9
488 #SUP: 26
