185 2260 #SUP: 6
185 1847 #SUP: 6
1245 #SUP: 6
347 300 608 1162 #SUP: 6
210 1082 #SUP: 6
948 #SUP: 6
579 #SUP: 6
36 300 527 72 545 #SUP: 6
210 459 515 #SUP: 6
185 210 300 512 #SUP: 6
456 #SUP: 6
428 #SUP: 6
375 #SUP: 6
214 #SUP: 6
347 300 188 #SUP: 6
128 #SUP: 6
126 #SUP: 6
36 347 300 92 #SUP: 6
19 #SUP: 6
36 300 1732 #SUP: 6
347 1732 #SUP: 6
210 1732 #SUP: 6
1732 #SUP: 7
701 #SUP: 7
677 #SUP: 7
527 677 #SUP: 6
589 #SUP: 7
185 505 #SUP: 6
29 505 #SUP: 6
505 #SUP: 7
347 688 488 #SUP: 6
347 527 488 #SUP: 6
36 347 300 488 #SUP: 6
347 503 488 #SUP: 6
347 488 #SUP: 7
105 458 #SUP: 6
347 300 458 #SUP: 6
210 458 #SUP: 6
458 #SUP: 7
210 315 #SUP: 6
185 315 #SUP: 6
315 #SUP: 7
685 503 684 687 #SUP: 6
685 503 504 688 687 #SUP: 6
685 503 662 687 #SUP: 6
685 504 687 #SUP: 7
499 685 504 687 #SUP: 6
685 503 687 #SUP: 7
499 685 503 687 #SUP: 6
685 687 #SUP: 8
499 685 687 #SUP: 7
503 662 688 684 #SUP: 6
685 503 504 688 684 #SUP: 6
499 503 688 684 #SUP: 6
503 688 684 #SUP: 7
685 503 662 684 #SUP: 6
499 503 662 684 #SUP: 6
503 662 684 #SUP: 7
685 503 684 #SUP: 7
499 685 503 684 #SUP: 6
499 503 684 #SUP: 7
503 684 #SUP: 8
210 608 #SUP: 6
608 #SUP: 8
596 #SUP: 8
210 596 #SUP: 7
210 300 596 #SUP: 6
556 #SUP: 8
185 210 300 423 #SUP: 6
185 347 423 #SUP: 6
185 210 423 #SUP: 7
185 423 #SUP: 8
226 300 346 #SUP: 6
347 300 346 #SUP: 6
36 300 346 #SUP: 6
210 300 346 #SUP: 6
300 346 #SUP: 7
226 346 #SUP: 7
346 #SUP: 8
347 300 78 105 #SUP: 6
347 300 184 105 #SUP: 6
210 184 105 #SUP: 6
184 105 #SUP: 7
347 300 105 #SUP: 7
210 347 300 105 #SUP: 6
210 105 #SUP: 7
105 #SUP: 8
347 226 300 78 #SUP: 6
347 300 78 #SUP: 7
210 347 300 78 #SUP: 6
185 347 78 #SUP: 6
29 347 78 #SUP: 6
347 78 #SUP: 8
527 532 72 #SUP: 6
210 527 72 #SUP: 6
527 72 #SUP: 7
210 72 #SUP: 7
185 210 72 #SUP: 6
72 #SUP: 8
527 24 #SUP: 6
347 503 24 #SUP: 6
24 #SUP: 8
347 709 #SUP: 6
210 709 #SUP: 7
29 709 #SUP: 6
709 #SUP: 9
685 503 504 662 688 #SUP: 6
499 503 662 688 #SUP: 6
503 662 688 #SUP: 7
685 503 504 688 #SUP: 7
499 685 503 504 688 #SUP: 6
499 503 688 #SUP: 7
503 688 #SUP: 8
688 #SUP: 9
685 503 662 #SUP: 7
499 685 503 662 #SUP: 6
499 503 662 #SUP: 7
503 662 #SUP: 8
499 662 #SUP: 8
662 #SUP: 9
459 527 532 #SUP: 6
36 300 527 532 #SUP: 6
210 527 532 #SUP: 6
527 532 #SUP: 8
459 532 #SUP: 7
210 459 532 #SUP: 6
210 532 #SUP: 7
185 532 #SUP: 6
532 #SUP: 9
184 #SUP: 9
300 47 #SUP: 6
210 47 #SUP: 6
47 #SUP: 9
459 527 #SUP: 7
210 459 527 #SUP: 6
36 347 300 527 #SUP: 6
36 300 527 #SUP: 7
210 36 300 527 #SUP: 6
85 527 #SUP: 6
503 527 #SUP: 6
347 527 #SUP: 7
210 527 #SUP: 7
185 527 #SUP: 7
527 #SUP: 10
499 503 85 504 #SUP: 6
347 503 504 #SUP: 6
685 503 504 #SUP: 8
499 685 503 504 #SUP: 7
499 503 504 #SUP: 8
503 504 #SUP: 9
685 504 #SUP: 9
499 685 504 #SUP: 8
499 504 #SUP: 9
185 504 #SUP: 6
504 #SUP: 10
210 36 347 300 459 #SUP: 6
499 459 #SUP: 6
210 459 #SUP: 8
185 210 459 #SUP: 6
185 459 #SUP: 8
459 #SUP: 10
36 226 300 #SUP: 6
185 210 226 300 #SUP: 6
226 300 #SUP: 7
36 347 300 #SUP: 7
499 347 300 #SUP: 6
185 210 347 300 #SUP: 6
29 210 347 300 #SUP: 6
210 347 300 #SUP: 8
347 300 #SUP: 9
210 36 300 #SUP: 7
185 210 36 300 #SUP: 6
36 300 #SUP: 8
185 210 300 #SUP: 7
210 300 #SUP: 9
300 #SUP: 10
29 226 #SUP: 6
226 #SUP: 10
499 503 85 #SUP: 7
499 685 503 85 #SUP: 6
185 85 #SUP: 7
85 #SUP: 10
13 #SUP: 10
185 13 #SUP: 6
347 503 #SUP: 7
499 347 503 #SUP: 6
685 503 #SUP: 9
499 685 503 #SUP: 8
499 503 #SUP: 10
185 503 #SUP: 6
503 #SUP: 11
499 347 #SUP: 7
210 499 347 #SUP: 6
29 210 347 #SUP: 7
210 347 #SUP: 9
185 347 #SUP: 7
29 347 #SUP: 8
347 #SUP: 11
36 #SUP: 11
1 #SUP: 11
499 685 #SUP: 9
185 685 #SUP: 6
685 #SUP: 13
210 499 #SUP: 7
185 499 #SUP: 7
499 #SUP: 13
185 210 #SUP: 9
29 210 #SUP: 8
210 #SUP: 14
185 #SUP: 14
29 185 #SUP: 6
29 #SUP: 14
