974 #SUP: 16
836 #SUP: 16
721 #SUP: 16
583 #SUP: 16
1618 #SUP: 17
1541 #SUP: 17
1501 #SUP: 17
1133 #SUP: 17
460 #SUP: 17
131 #SUP: 17
452 1508 #SUP: 16
641 #SUP: 18
299 #SUP: 18
297 #SUP: 18
99 #SUP: 18
33 #SUP: 18
16 #SUP: 18
536 #SUP: 19
452 443 #SUP: 17
284 #SUP: 19
73 #SUP: 19
480 #SUP: 20
452 313 #SUP: 16
270 #SUP: 20
88 #SUP: 20
452 1563 #SUP: 16
452 31 #SUP: 17
452 336 1025 #SUP: 16
376 #SUP: 23
286 336 #SUP: 17
102 336 #SUP: 18
127 336 #SUP: 16
215 336 #SUP: 16
144 336 #SUP: 16
295 285 #SUP: 17
129 285 #SUP: 16
36 55 #SUP: 18
452 55 #SUP: 16
36 386 #SUP: 16
452 386 #SUP: 18
352 235 #SUP: 17
215 24 174 #SUP: 16
102 174 #SUP: 17
452 215 174 #SUP: 16
102 286 #SUP: 17
215 286 #SUP: 18
452 144 286 #SUP: 17
352 286 #SUP: 17
352 151 #SUP: 16
452 151 #SUP: 19
129 190 #SUP: 16
215 190 #SUP: 16
36 190 #SUP: 16
144 190 #SUP: 22
352 190 #SUP: 17
452 190 #SUP: 19
452 156 #SUP: 23
129 5 #SUP: 17
452 36 5 #SUP: 16
102 295 #SUP: 17
36 295 #SUP: 16
352 295 #SUP: 25
452 295 #SUP: 20
36 102 24 #SUP: 16
452 102 24 #SUP: 16
129 24 #SUP: 17
36 215 24 #SUP: 16
452 215 24 #SUP: 17
452 36 24 #SUP: 20
452 144 24 #SUP: 18
127 102 #SUP: 18
129 102 #SUP: 18
215 102 #SUP: 20
452 36 102 #SUP: 18
452 144 102 #SUP: 17
352 102 #SUP: 19
452 23 #SUP: 18
129 127 #SUP: 19
452 36 127 #SUP: 17
144 127 #SUP: 20
352 127 #SUP: 17
215 129 #SUP: 19
144 36 129 #SUP: 16
452 36 129 #SUP: 20
452 144 129 #SUP: 19
352 129 #SUP: 16
452 36 215 #SUP: 18
452 144 215 #SUP: 16
352 215 #SUP: 20
452 144 36 #SUP: 24
452 352 36 #SUP: 18
452 352 144 #SUP: 20
