144 4850 #SUP: 8
3173 #SUP: 8
3091 #SUP: 8
2396 #SUP: 8
2339 #SUP: 8
2227 #SUP: 8
452 2095 #SUP: 8
2042 #SUP: 8
102 1953 #SUP: 8
102 295 336 1618 1794 1801 #SUP: 8
1649 #SUP: 8
295 1637 #SUP: 8
1619 #SUP: 8
190 1605 #SUP: 8
1335 #SUP: 8
1169 #SUP: 8
1148 #SUP: 8
698 #SUP: 8
545 #SUP: 8
527 #SUP: 8
484 #SUP: 8
471 #SUP: 8
416 #SUP: 8
411 #SUP: 8
319 #SUP: 8
256 #SUP: 8
204 #SUP: 8
202 #SUP: 8
143 #SUP: 8
13 #SUP: 8
9 #SUP: 8
504 4323 #SUP: 8
129 131 3460 #SUP: 8
3386 #SUP: 9
2998 #SUP: 9
24 2892 #SUP: 8
102 2892 #SUP: 8
215 2892 #SUP: 8
36 2892 #SUP: 8
452 2615 #SUP: 8
2266 #SUP: 9
452 2140 #SUP: 8
215 2088 #SUP: 8
102 1828 1823 #SUP: 8
452 129 102 1823 #SUP: 8
1698 #SUP: 9
1634 #SUP: 9
102 190 313 1633 #SUP: 8
190 1533 #SUP: 8
452 129 1533 #SUP: 8
1172 #SUP: 9
452 1171 #SUP: 8
129 1107 #SUP: 9
452 102 336 954 #SUP: 8
215 690 #SUP: 8
452 508 #SUP: 8
365 #SUP: 9
362 #SUP: 9
102 262 #SUP: 8
144 158 #SUP: 8
452 158 #SUP: 8
131 130 #SUP: 8
129 130 #SUP: 8
452 3845 #SUP: 9
215 3017 #SUP: 8
1014 2479 #SUP: 9
452 2479 #SUP: 8
102 190 286 336 1563 1508 1618 1118 1809 1996 #SUP: 8
127 102 286 336 1809 1996 #SUP: 8
215 102 286 336 1809 1996 #SUP: 8
286 313 1996 #SUP: 8
286 376 1996 #SUP: 8
452 215 129 286 1996 #SUP: 8
144 215 286 1996 #SUP: 8
352 1982 #SUP: 8
452 1982 #SUP: 8
376 1809 #SUP: 8
452 129 1809 #SUP: 8
452 1617 #SUP: 8
1080 #SUP: 10
1030 #SUP: 10
452 36 919 #SUP: 8
144 919 #SUP: 8
452 726 #SUP: 10
452 36 469 #SUP: 8
452 144 447 #SUP: 8
190 1508 1828 381 #SUP: 8
286 336 1025 1563 1508 381 #SUP: 8
452 215 1508 381 #SUP: 8
376 381 #SUP: 8
352 381 #SUP: 8
379 #SUP: 10
215 300 198 314 #SUP: 8
144 314 #SUP: 8
127 243 #SUP: 8
129 243 #SUP: 8
144 243 #SUP: 8
452 243 #SUP: 8
145 #SUP: 10
129 836 58 #SUP: 8
36 58 #SUP: 8
11 #SUP: 10
1025 3688 #SUP: 8
36 215 3688 #SUP: 8
452 215 3688 #SUP: 8
144 36 3688 #SUP: 8
452 36 3688 #SUP: 9
452 144 3688 #SUP: 8
215 2238 #SUP: 9
102 336 1025 419 1947 #SUP: 8
336 1618 1947 #SUP: 8
127 336 376 1025 1508 1947 #SUP: 8
286 336 1563 1947 #SUP: 8
452 336 1025 1947 #SUP: 8
127 286 1947 #SUP: 8
129 286 1947 #SUP: 8
156 1947 #SUP: 8
127 102 1947 #SUP: 8
452 102 1947 #SUP: 8
452 127 1947 #SUP: 8
336 1786 1931 #SUP: 8
286 1786 1931 #SUP: 8
452 215 1786 1931 #SUP: 8
452 36 1786 1931 #SUP: 8
352 1786 1931 #SUP: 8
1133 1805 #SUP: 8
190 313 1805 #SUP: 8
286 1805 #SUP: 8
102 1805 #SUP: 8
452 129 1805 #SUP: 8
36 1805 #SUP: 8
102 190 376 1508 419 1118 #SUP: 8
190 376 1508 1912 1118 #SUP: 8
190 1508 1828 1118 #SUP: 8
127 102 190 1025 1508 1118 #SUP: 8
215 129 190 376 1508 1118 #SUP: 8
215 129 102 190 1508 1118 #SUP: 8
144 215 129 190 1508 1118 #SUP: 8
452 215 129 190 1508 1118 #SUP: 8
352 190 1508 1118 #SUP: 8
102 336 313 1118 #SUP: 8
102 295 336 1118 #SUP: 8
127 102 336 1118 #SUP: 8
215 129 102 336 1118 #SUP: 8
215 129 127 102 1118 #SUP: 8
352 102 1118 #SUP: 8
36 215 129 1118 #SUP: 8
352 215 129 1118 #SUP: 8
452 910 #SUP: 8
452 129 827 #SUP: 8
452 36 827 #SUP: 8
144 827 #SUP: 8
24 802 #SUP: 8
215 802 #SUP: 8
452 802 #SUP: 8
1563 292 #SUP: 8
336 292 #SUP: 8
129 292 #SUP: 8
452 36 240 #SUP: 8
144 240 #SUP: 8
5 200 #SUP: 8
144 102 200 #SUP: 8
129 200 #SUP: 8
215 200 #SUP: 8
352 200 #SUP: 8
452 200 #SUP: 9
215 1508 198 #SUP: 8
144 190 198 #SUP: 8
144 215 198 #SUP: 8
452 2702 #SUP: 9
1563 1618 1933 #SUP: 8
313 1933 #SUP: 9
286 1933 #SUP: 8
24 1933 #SUP: 8
102 1933 #SUP: 8
452 215 1933 #SUP: 8
352 1933 #SUP: 9
102 336 1828 1794 #SUP: 8
102 190 286 336 1563 1508 1618 1794 #SUP: 8
129 286 336 1563 1618 1794 #SUP: 8
102 336 1025 1618 1794 #SUP: 8
452 215 102 336 1618 1794 #SUP: 8
352 1618 1794 #SUP: 8
102 295 336 1541 1794 #SUP: 8
452 102 295 336 1794 #SUP: 8
127 102 336 1794 #SUP: 8
452 129 102 336 1794 #SUP: 8
1133 1548 #SUP: 8
190 1508 1548 #SUP: 8
452 129 190 443 1548 #SUP: 8
286 313 1548 #SUP: 8
190 313 1548 #SUP: 8
452 129 313 1548 #SUP: 8
452 286 1548 #SUP: 8
452 129 5 190 1548 #SUP: 8
452 215 129 190 1548 #SUP: 8
452 144 24 1548 #SUP: 8
452 144 129 1548 #SUP: 8
452 36 1548 #SUP: 8
845 #SUP: 12
747 #SUP: 12
36 24 679 #SUP: 8
102 679 #SUP: 8
452 36 679 #SUP: 8
386 522 #SUP: 8
452 190 286 522 #SUP: 8
452 215 129 190 522 #SUP: 8
452 144 190 522 #SUP: 8
452 24 522 #SUP: 8
452 102 522 #SUP: 8
452 36 522 #SUP: 9
452 144 504 #SUP: 8
452 190 448 #SUP: 8
129 448 #SUP: 9
102 336 1618 419 #SUP: 8
127 102 190 376 1025 1508 419 #SUP: 8
127 190 336 1025 1508 419 #SUP: 8
102 190 336 376 1508 419 #SUP: 8
215 102 190 376 1508 419 #SUP: 8
452 190 336 1508 419 #SUP: 8
352 190 1508 419 #SUP: 8
452 336 1025 419 #SUP: 8
215 102 1025 419 #SUP: 8
452 215 102 336 419 #SUP: 8
452 380 #SUP: 8
349 #SUP: 12
336 300 #SUP: 8
129 300 #SUP: 8
144 215 300 #SUP: 8
352 300 #SUP: 8
452 300 #SUP: 8
190 1508 1828 1912 #SUP: 8
102 190 286 336 1563 1508 1618 1912 #SUP: 8
452 215 129 190 1508 1912 #SUP: 8
452 215 129 190 443 1912 #SUP: 8
190 286 313 1912 #SUP: 8
127 190 286 1912 #SUP: 8
452 215 129 190 286 1912 #SUP: 8
452 144 215 129 190 1912 #SUP: 8
129 839 #SUP: 8
452 36 839 #SUP: 9
215 102 1508 680 #SUP: 8
452 16 680 #SUP: 8
127 102 1025 680 #SUP: 8
286 680 #SUP: 8
215 102 24 680 #SUP: 8
36 102 24 680 #SUP: 8
452 102 24 680 #SUP: 8
452 215 24 680 #SUP: 8
36 215 102 680 #SUP: 9
452 215 102 680 #SUP: 8
452 36 102 680 #SUP: 9
144 102 680 #SUP: 8
452 144 680 #SUP: 8
24 336 662 #SUP: 8
36 215 102 24 174 662 #SUP: 9
24 286 662 #SUP: 8
452 36 102 24 662 #SUP: 8
452 36 215 662 #SUP: 8
24 543 #SUP: 8
127 543 #SUP: 8
129 543 #SUP: 8
215 543 #SUP: 8
452 36 543 #SUP: 8
144 543 #SUP: 8
452 190 443 427 #SUP: 8
452 144 443 427 #SUP: 8
452 144 190 31 427 #SUP: 8
452 386 427 #SUP: 8
452 144 24 190 427 #SUP: 8
452 102 427 #SUP: 8
452 127 427 #SUP: 8
452 144 129 427 #SUP: 8
452 144 36 427 #SUP: 9
452 352 427 #SUP: 8
102 297 288 #SUP: 8
127 297 288 #SUP: 8
127 102 1025 288 #SUP: 8
286 336 288 #SUP: 8
127 102 336 288 #SUP: 8
215 127 102 288 #SUP: 8
144 127 102 288 #SUP: 8
129 102 288 #SUP: 8
452 102 288 #SUP: 8
452 127 288 #SUP: 8
36 288 #SUP: 8
352 288 #SUP: 9
336 199 #SUP: 8
5 199 #SUP: 8
129 199 #SUP: 8
215 199 #SUP: 8
452 199 #SUP: 10
1563 1508 154 #SUP: 8
286 336 1025 154 #SUP: 8
286 376 154 #SUP: 8
452 376 154 #SUP: 8
127 102 286 154 #SUP: 8
352 286 154 #SUP: 8
452 286 154 #SUP: 9
190 154 #SUP: 8
452 5 154 #SUP: 9
129 154 #SUP: 8
452 215 154 #SUP: 8
452 36 154 #SUP: 8
144 129 131 132 #SUP: 8
452 131 132 #SUP: 8
286 132 #SUP: 8
24 132 #SUP: 9
129 127 132 #SUP: 8
452 129 132 #SUP: 8
452 36 132 #SUP: 8
452 144 132 #SUP: 9
33 76 #SUP: 8
24 76 #SUP: 8
36 76 #SUP: 8
24 270 29 #SUP: 8
286 29 #SUP: 8
36 24 29 #SUP: 8
36 24 20 #SUP: 8
452 144 24 20 #SUP: 8
102 20 #SUP: 8
129 443 836 2108 #SUP: 8
452 443 1501 2108 #SUP: 8
443 460 2108 #SUP: 8
129 460 2108 #SUP: 8
129 443 1508 2108 #SUP: 8
1563 443 2108 #SUP: 8
129 336 443 2108 #SUP: 8
129 286 443 2108 #SUP: 8
215 129 190 443 2108 #SUP: 8
144 129 190 443 2108 #SUP: 8
452 129 190 443 2108 #SUP: 8
452 129 5 443 2108 #SUP: 8
452 144 129 24 443 2108 #SUP: 8
129 102 443 2108 #SUP: 8
144 129 127 443 2108 #SUP: 8
452 129 127 443 2108 #SUP: 8
452 144 36 129 443 2108 #SUP: 8
129 127 190 2108 #SUP: 8
144 36 129 190 2108 #SUP: 8
452 144 129 190 2108 #SUP: 8
144 36 129 127 2108 #SUP: 8
452 144 129 127 2108 #SUP: 8
102 190 286 336 1563 313 1508 1618 1828 #SUP: 8
452 215 129 190 1508 1828 #SUP: 8
452 129 443 1828 #SUP: 8
336 1025 1563 313 1828 #SUP: 8
127 102 1025 1563 313 1828 #SUP: 8
452 215 1025 1563 313 1828 #SUP: 8
452 215 336 1563 313 1828 #SUP: 8
452 215 129 102 1563 313 1828 #SUP: 8
127 102 336 1828 #SUP: 8
452 129 102 336 1828 #SUP: 8
452 144 336 1828 #SUP: 8
386 1828 #SUP: 8
144 190 1828 #SUP: 8
452 129 24 1828 #SUP: 8
452 215 24 1828 #SUP: 8
452 36 24 1828 #SUP: 8
452 144 24 1828 #SUP: 8
452 129 127 102 1828 #SUP: 8
452 36 129 1828 #SUP: 8
452 144 129 1828 #SUP: 8
452 36 215 1828 #SUP: 8
452 144 215 1828 #SUP: 8
452 144 36 1828 #SUP: 8
352 1828 #SUP: 8
215 1480 #SUP: 8
452 36 1480 #SUP: 8
144 1480 #SUP: 8
129 102 1226 #SUP: 8
36 127 1226 #SUP: 8
452 127 1226 #SUP: 8
452 129 1226 #SUP: 8
452 36 1226 #SUP: 9
452 144 1226 #SUP: 8
352 1226 #SUP: 8
452 127 299 1014 #SUP: 8
452 297 1014 #SUP: 8
452 336 1025 1014 #SUP: 8
386 1014 #SUP: 8
452 215 1014 #SUP: 8
452 36 1014 #SUP: 8
452 352 1014 #SUP: 8
452 36 575 #SUP: 8
286 443 498 #SUP: 8
452 144 24 443 498 #SUP: 8
452 36 443 498 #SUP: 8
24 336 498 #SUP: 8
24 286 498 #SUP: 9
36 286 498 #SUP: 8
452 286 498 #SUP: 8
102 24 498 #SUP: 8
129 24 498 #SUP: 8
452 144 36 24 498 #SUP: 8
127 498 #SUP: 8
215 121 #SUP: 9
452 121 #SUP: 8
156 851 #SUP: 8
452 36 851 #SUP: 9
452 144 851 #SUP: 8
144 190 179 #SUP: 8
129 24 179 #SUP: 8
452 24 179 #SUP: 8
452 129 179 #SUP: 8
452 36 179 #SUP: 8
102 74 #SUP: 8
452 127 74 #SUP: 8
452 36 74 #SUP: 9
144 74 #SUP: 9
452 102 336 974 #SUP: 8
452 174 974 #SUP: 9
151 974 #SUP: 8
190 974 #SUP: 8
215 24 974 #SUP: 8
36 24 974 #SUP: 8
452 24 974 #SUP: 8
452 144 129 974 #SUP: 8
36 215 974 #SUP: 8
452 215 974 #SUP: 8
452 36 974 #SUP: 8
129 190 443 836 #SUP: 8
144 129 443 836 #SUP: 8
452 129 443 836 #SUP: 8
452 129 313 836 #SUP: 8
215 129 190 836 #SUP: 8
144 129 190 836 #SUP: 8
452 129 190 836 #SUP: 8
452 129 24 836 #SUP: 8
452 36 24 836 #SUP: 8
452 129 102 836 #SUP: 8
144 36 129 836 #SUP: 8
452 36 129 836 #SUP: 9
452 144 129 836 #SUP: 8
144 215 836 #SUP: 8
452 215 836 #SUP: 8
452 144 36 836 #SUP: 8
352 836 #SUP: 8
99 721 #SUP: 8
452 144 33 721 #SUP: 8
55 721 #SUP: 8
102 386 721 #SUP: 8
24 174 721 #SUP: 8
102 286 721 #SUP: 8
452 144 286 721 #SUP: 8
151 721 #SUP: 9
190 721 #SUP: 8
144 156 721 #SUP: 8
295 721 #SUP: 8
102 24 721 #SUP: 8
215 24 721 #SUP: 8
36 24 721 #SUP: 8
452 144 24 721 #SUP: 8
127 102 721 #SUP: 8
36 102 721 #SUP: 9
452 144 102 721 #SUP: 8
215 129 721 #SUP: 8
452 36 129 721 #SUP: 8
452 144 129 721 #SUP: 8
36 215 721 #SUP: 9
452 144 215 721 #SUP: 8
452 144 36 721 #SUP: 9
36 24 583 #SUP: 9
36 102 583 #SUP: 8
215 583 #SUP: 8
144 36 583 #SUP: 8
352 36 583 #SUP: 9
452 36 583 #SUP: 9
452 352 583 #SUP: 8
190 1541 1618 #SUP: 8
127 102 190 286 336 1025 1563 1508 1618 #SUP: 8
452 215 129 102 190 286 336 1563 1508 1618 #SUP: 8
129 1563 443 1618 #SUP: 8
73 1618 #SUP: 8
386 1563 1618 #SUP: 8
36 1563 1618 #SUP: 8
452 215 102 336 1025 1618 #SUP: 8
36 190 1618 #SUP: 8
144 190 1618 #SUP: 8
156 1618 #SUP: 8
24 1618 #SUP: 8
452 36 215 1618 #SUP: 8
190 1508 1541 #SUP: 8
452 336 1541 #SUP: 8
352 127 1541 #SUP: 8
452 127 1541 #SUP: 9
452 215 1541 #SUP: 8
452 36 1541 #SUP: 10
452 352 1541 #SUP: 9
641 1501 #SUP: 8
452 5 443 1501 #SUP: 8
452 129 443 1501 #SUP: 8
452 215 443 1501 #SUP: 8
1563 1501 #SUP: 8
36 5 1501 #SUP: 8
36 24 1501 #SUP: 8
102 1501 #SUP: 9
36 215 1501 #SUP: 8
452 36 1501 #SUP: 10
144 1501 #SUP: 8
352 1501 #SUP: 8
99 1133 #SUP: 8
452 129 443 1133 #SUP: 8
129 313 1133 #SUP: 8
102 336 1133 #SUP: 8
352 295 235 285 1133 #SUP: 8
102 295 285 1133 #SUP: 8
127 235 1133 #SUP: 8
215 174 1133 #SUP: 9
102 286 1133 #SUP: 8
127 286 1133 #SUP: 9
452 129 286 1133 #SUP: 8
215 286 1133 #SUP: 8
452 144 286 1133 #SUP: 8
190 1133 #SUP: 8
129 5 1133 #SUP: 8
36 5 1133 #SUP: 8
452 5 1133 #SUP: 8
352 102 295 1133 #SUP: 8
352 127 295 1133 #SUP: 8
215 295 1133 #SUP: 8
452 295 1133 #SUP: 8
215 24 1133 #SUP: 8
127 102 1133 #SUP: 8
215 102 1133 #SUP: 8
452 102 1133 #SUP: 8
452 127 1133 #SUP: 8
215 129 1133 #SUP: 8
36 129 1133 #SUP: 8
452 144 129 1133 #SUP: 8
452 215 1133 #SUP: 9
452 36 1133 #SUP: 8
536 460 #SUP: 8
36 190 443 460 #SUP: 8
452 5 443 460 #SUP: 8
129 443 460 #SUP: 8
452 36 443 460 #SUP: 8
36 55 460 #SUP: 8
36 215 129 190 460 #SUP: 8
452 144 36 129 190 460 #SUP: 8
36 129 5 460 #SUP: 8
36 215 5 460 #SUP: 8
452 36 5 460 #SUP: 8
129 24 460 #SUP: 8
36 24 460 #SUP: 8
36 102 460 #SUP: 8
36 127 460 #SUP: 9
352 129 460 #SUP: 8
452 36 215 460 #SUP: 8
452 352 36 460 #SUP: 8
286 131 #SUP: 8
129 24 131 #SUP: 8
452 36 129 127 131 #SUP: 8
144 129 127 131 #SUP: 8
452 144 129 131 #SUP: 9
452 144 36 131 #SUP: 8
452 336 1025 299 1508 #SUP: 8
127 1025 299 1508 #SUP: 8
215 129 190 536 1508 #SUP: 8
452 129 1563 443 1508 #SUP: 8
452 215 129 190 31 443 1508 #SUP: 8
129 376 443 1508 #SUP: 8
36 129 443 1508 #SUP: 8
144 129 443 1508 #SUP: 8
452 144 215 190 73 1508 #SUP: 8
286 336 376 1025 1563 1508 #SUP: 8
452 129 127 286 336 1025 1563 1508 #SUP: 8
452 215 286 336 1025 1563 1508 #SUP: 8
452 286 336 376 1563 1508 #SUP: 8
295 286 336 1563 1508 #SUP: 8
452 144 129 286 336 1563 1508 #SUP: 8
452 36 129 1563 1508 #SUP: 8
452 215 24 31 1508 #SUP: 8
452 215 102 31 1508 #SUP: 9
452 36 215 31 1508 #SUP: 8
452 336 376 1025 1508 #SUP: 8
215 376 1025 1508 #SUP: 8
452 215 127 102 190 336 1025 1508 #SUP: 8
127 156 336 1025 1508 #SUP: 8
452 144 127 336 1025 1508 #SUP: 8
352 336 1025 1508 #SUP: 8
215 129 127 102 190 1025 1508 #SUP: 8
144 215 127 102 190 1025 1508 #SUP: 8
352 127 190 1025 1508 #SUP: 8
144 129 127 1025 1508 #SUP: 8
452 215 336 376 1508 #SUP: 8
144 215 190 376 1508 #SUP: 8
452 215 190 376 1508 #SUP: 8
352 190 376 1508 #SUP: 8
144 129 376 1508 #SUP: 8
452 129 376 1508 #SUP: 8
352 215 376 1508 #SUP: 8
452 144 376 1508 #SUP: 8
452 215 102 190 386 336 1508 #SUP: 8
452 144 215 102 190 336 1508 #SUP: 8
352 190 336 1508 #SUP: 8
452 352 336 1508 #SUP: 8
452 215 174 1508 #SUP: 8
144 215 129 102 190 1508 #SUP: 8
352 102 190 1508 #SUP: 8
144 36 215 129 190 1508 #SUP: 8
452 36 215 129 190 1508 #SUP: 8
452 144 215 129 190 1508 #SUP: 8
352 215 190 1508 #SUP: 8
452 352 190 1508 #SUP: 8
452 5 1508 #SUP: 8
452 215 102 24 1508 #SUP: 8
452 36 24 1508 #SUP: 8
452 144 24 1508 #SUP: 8
452 36 215 102 1508 #SUP: 8
352 215 102 1508 #SUP: 8
452 144 36 129 1508 #SUP: 8
452 352 215 1508 #SUP: 9
452 144 536 641 #SUP: 8
452 31 641 #SUP: 8
286 641 #SUP: 8
190 641 #SUP: 8
452 144 295 641 #SUP: 8
36 24 641 #SUP: 8
452 144 24 641 #SUP: 8
144 102 641 #SUP: 8
452 127 641 #SUP: 8
452 36 129 641 #SUP: 8
452 144 36 641 #SUP: 9
452 352 144 641 #SUP: 8
144 127 297 299 #SUP: 8
215 1025 299 #SUP: 8
144 1025 299 #SUP: 8
352 1025 299 #SUP: 8
127 336 299 #SUP: 8
215 336 299 #SUP: 8
144 336 299 #SUP: 8
452 386 299 #SUP: 8
151 299 #SUP: 8
102 299 #SUP: 8
36 127 299 #SUP: 8
352 127 299 #SUP: 8
144 215 299 #SUP: 8
144 36 299 #SUP: 8
452 36 299 #SUP: 8
452 144 299 #SUP: 8
452 352 299 #SUP: 9
452 127 386 297 #SUP: 8
286 297 #SUP: 8
190 297 #SUP: 8
156 297 #SUP: 8
5 297 #SUP: 8
144 127 102 297 #SUP: 8
129 102 297 #SUP: 8
144 129 127 297 #SUP: 8
144 36 127 297 #SUP: 8
452 36 127 297 #SUP: 10
452 144 127 297 #SUP: 8
36 129 297 #SUP: 8
215 297 #SUP: 8
352 36 297 #SUP: 8
452 352 297 #SUP: 8
24 33 99 #SUP: 9
36 33 99 #SUP: 8
144 33 99 #SUP: 8
452 33 99 #SUP: 8
215 313 99 #SUP: 8
102 336 99 #SUP: 8
36 336 99 #SUP: 8
144 336 99 #SUP: 8
386 99 #SUP: 8
102 24 174 99 #SUP: 8
215 24 174 99 #SUP: 9
215 102 174 99 #SUP: 9
36 174 99 #SUP: 8
144 174 99 #SUP: 8
452 174 99 #SUP: 8
102 286 99 #SUP: 8
144 286 99 #SUP: 9
5 99 #SUP: 8
36 24 99 #SUP: 10
144 24 99 #SUP: 8
452 24 99 #SUP: 9
127 102 99 #SUP: 9
36 102 99 #SUP: 10
144 102 99 #SUP: 8
452 102 99 #SUP: 8
23 99 #SUP: 9
129 127 99 #SUP: 8
36 127 99 #SUP: 8
144 127 99 #SUP: 9
452 127 99 #SUP: 8
36 129 99 #SUP: 8
144 129 99 #SUP: 8
452 129 99 #SUP: 8
36 215 99 #SUP: 8
144 215 99 #SUP: 8
452 215 99 #SUP: 8
452 144 36 99 #SUP: 9
36 24 31 33 #SUP: 8
24 336 33 #SUP: 8
24 55 33 #SUP: 8
144 286 33 #SUP: 8
452 156 33 #SUP: 8
36 102 24 33 #SUP: 8
144 102 24 33 #SUP: 8
452 102 24 33 #SUP: 8
215 24 33 #SUP: 8
452 144 36 24 33 #SUP: 9
452 36 102 33 #SUP: 8
452 144 102 33 #SUP: 8
144 127 33 #SUP: 8
286 16 #SUP: 8
24 16 #SUP: 9
452 127 102 16 #SUP: 8
452 36 102 16 #SUP: 9
452 129 16 #SUP: 10
452 215 16 #SUP: 8
352 16 #SUP: 8
443 536 #SUP: 8
215 190 73 536 #SUP: 8
452 1563 536 #SUP: 8
452 144 31 536 #SUP: 8
376 536 #SUP: 8
452 144 386 536 #SUP: 8
36 129 190 536 #SUP: 8
144 129 190 536 #SUP: 8
452 129 190 536 #SUP: 8
144 215 190 536 #SUP: 8
144 36 190 536 #SUP: 8
452 36 190 536 #SUP: 8
452 144 190 536 #SUP: 8
452 144 215 24 536 #SUP: 8
452 144 102 536 #SUP: 8
144 129 127 536 #SUP: 8
452 144 129 536 #SUP: 8
144 36 215 536 #SUP: 8
452 36 215 536 #SUP: 8
452 144 36 536 #SUP: 9
452 352 144 536 #SUP: 8
452 129 190 313 443 #SUP: 8
129 286 336 1563 443 #SUP: 8
452 102 190 31 443 #SUP: 8
452 36 190 31 443 #SUP: 8
452 144 190 31 443 #SUP: 8
190 376 443 #SUP: 8
215 376 443 #SUP: 8
36 376 443 #SUP: 8
144 376 443 #SUP: 8
452 376 443 #SUP: 9
452 129 336 443 #SUP: 8
452 190 286 443 #SUP: 8
24 286 443 #SUP: 8
452 129 286 443 #SUP: 8
452 215 286 443 #SUP: 8
452 36 286 443 #SUP: 8
452 144 286 443 #SUP: 8
452 144 24 190 443 #SUP: 8
129 102 190 443 #SUP: 8
144 36 102 190 443 #SUP: 8
452 144 102 190 443 #SUP: 8
36 215 129 190 443 #SUP: 8
144 215 129 190 443 #SUP: 8
144 36 129 190 443 #SUP: 8
452 36 129 190 443 #SUP: 8
452 144 129 190 443 #SUP: 8
452 144 36 190 443 #SUP: 9
452 36 129 5 443 #SUP: 8
452 144 129 5 443 #SUP: 8
452 144 36 24 443 #SUP: 9
144 129 102 443 #SUP: 8
452 129 102 443 #SUP: 8
452 144 36 102 443 #SUP: 8
452 36 215 443 #SUP: 8
352 443 #SUP: 9
235 284 #SUP: 8
129 5 284 #SUP: 8
36 5 284 #SUP: 8
452 5 284 #SUP: 8
352 295 284 #SUP: 8
23 284 #SUP: 8
127 284 #SUP: 8
144 284 #SUP: 8
286 336 73 #SUP: 8
24 336 73 #SUP: 8
144 215 127 102 336 73 #SUP: 8
452 127 386 73 #SUP: 8
24 286 73 #SUP: 8
144 127 102 286 73 #SUP: 8
452 144 129 127 286 73 #SUP: 8
144 215 127 286 73 #SUP: 8
452 144 215 24 190 73 #SUP: 8
452 144 215 127 190 73 #SUP: 8
452 144 215 129 190 73 #SUP: 8
102 24 73 #SUP: 8
144 215 127 24 73 #SUP: 8
129 24 73 #SUP: 8
36 24 73 #SUP: 8
452 144 127 102 73 #SUP: 8
452 36 127 73 #SUP: 8
452 144 36 129 73 #SUP: 8
36 215 73 #SUP: 8
352 73 #SUP: 8
88 480 #SUP: 9
55 480 #SUP: 10
452 151 480 #SUP: 9
156 480 #SUP: 8
24 480 #SUP: 9
102 480 #SUP: 8
23 480 #SUP: 8
36 480 #SUP: 8
144 480 #SUP: 8
352 480 #SUP: 11
102 190 286 336 1025 1563 313 #SUP: 8
452 215 336 1025 1563 313 #SUP: 8
452 215 24 1025 1563 313 #SUP: 8
452 215 129 102 1025 1563 313 #SUP: 8
452 215 386 336 1563 313 #SUP: 8
452 215 129 102 190 286 336 1563 313 #SUP: 8
452 144 215 336 1563 313 #SUP: 8
452 36 215 1563 313 #SUP: 8
102 295 285 336 313 #SUP: 8
215 129 102 386 336 313 #SUP: 8
215 129 102 174 336 313 #SUP: 8
102 295 286 336 313 #SUP: 8
127 102 286 336 313 #SUP: 8
144 215 129 102 286 336 313 #SUP: 8
215 129 102 295 336 313 #SUP: 8
352 102 295 336 313 #SUP: 8
215 24 336 313 #SUP: 8
215 129 127 102 336 313 #SUP: 8
36 215 336 313 #SUP: 8
127 102 285 313 #SUP: 8
215 129 102 285 313 #SUP: 8
235 313 #SUP: 8
452 144 215 129 286 174 313 #SUP: 8
452 215 129 24 174 313 #SUP: 8
36 215 24 174 313 #SUP: 8
452 144 215 24 174 313 #SUP: 8
215 129 127 174 313 #SUP: 8
36 215 129 174 313 #SUP: 8
452 36 215 174 313 #SUP: 8
127 190 286 313 #SUP: 8
452 144 215 129 190 286 313 #SUP: 8
452 144 215 129 24 286 313 #SUP: 8
215 129 127 286 313 #SUP: 8
452 144 129 102 190 313 #SUP: 8
452 144 36 129 190 313 #SUP: 8
352 190 313 #SUP: 8
156 313 #SUP: 8
129 5 313 #SUP: 8
215 129 102 24 313 #SUP: 8
215 129 127 24 313 #SUP: 8
36 215 129 24 313 #SUP: 8
452 36 129 24 313 #SUP: 8
452 144 36 215 24 313 #SUP: 8
36 215 129 102 313 #SUP: 8
452 36 129 102 313 #SUP: 8
452 215 129 127 313 #SUP: 8
452 36 215 129 313 #SUP: 8
352 215 313 #SUP: 8
336 270 #SUP: 9
386 270 #SUP: 8
215 174 270 #SUP: 8
286 270 #SUP: 9
190 270 #SUP: 8
215 102 270 #SUP: 8
23 270 #SUP: 9
215 127 270 #SUP: 8
144 127 270 #SUP: 8
129 270 #SUP: 8
36 270 #SUP: 8
352 270 #SUP: 10
452 270 #SUP: 10
151 55 88 #SUP: 9
36 55 88 #SUP: 10
386 88 #SUP: 8
127 151 88 #SUP: 8
215 151 88 #SUP: 8
352 151 88 #SUP: 8
452 151 88 #SUP: 9
156 88 #SUP: 9
102 88 #SUP: 8
452 127 88 #SUP: 8
452 215 386 336 1025 1563 #SUP: 8
452 215 129 102 190 286 336 1025 1563 #SUP: 8
295 286 336 1025 1563 #SUP: 8
452 144 129 286 336 1025 1563 #SUP: 8
452 144 24 336 1025 1563 #SUP: 8
452 144 215 336 1025 1563 #SUP: 8
452 144 36 336 1025 1563 #SUP: 8
452 129 24 1025 1563 #SUP: 8
452 36 24 1025 1563 #SUP: 8
452 215 129 127 102 1025 1563 #SUP: 8
452 36 129 1025 1563 #SUP: 8
452 36 215 1025 1563 #SUP: 8
452 215 129 102 190 286 386 336 1563 #SUP: 8
452 144 215 386 336 1563 #SUP: 8
102 295 190 286 336 1563 #SUP: 8
452 144 215 129 102 190 286 336 1563 #SUP: 8
452 215 295 286 336 1563 #SUP: 8
352 295 286 336 1563 #SUP: 8
129 24 286 336 1563 #SUP: 8
452 144 36 129 286 336 1563 #SUP: 8
452 144 36 215 336 1563 #SUP: 8
285 1563 #SUP: 8
24 386 1563 #SUP: 8
36 215 386 1563 #SUP: 8
215 286 174 1563 #SUP: 8
215 102 174 1563 #SUP: 8
452 215 174 1563 #SUP: 8
36 215 102 286 1563 #SUP: 8
452 36 215 129 190 1563 #SUP: 8
156 1563 #SUP: 8
452 5 1563 #SUP: 8
215 102 24 1563 #SUP: 8
36 215 24 1563 #SUP: 8
452 36 215 129 102 1563 #SUP: 8
452 352 1563 #SUP: 8
452 190 376 31 #SUP: 8
452 190 386 31 #SUP: 8
452 102 386 31 #SUP: 8
452 144 386 31 #SUP: 8
452 215 174 31 #SUP: 8
452 102 286 31 #SUP: 8
452 144 24 190 31 #SUP: 8
452 144 102 190 31 #SUP: 8
452 144 36 190 31 #SUP: 8
452 352 190 31 #SUP: 8
452 295 31 #SUP: 8
452 215 102 24 31 #SUP: 8
36 102 24 31 #SUP: 8
452 144 102 24 31 #SUP: 8
452 144 215 24 31 #SUP: 8
452 36 24 31 #SUP: 9
452 352 24 31 #SUP: 8
452 36 102 31 #SUP: 8
452 352 102 31 #SUP: 8
452 127 31 #SUP: 9
452 36 129 31 #SUP: 8
452 352 215 31 #SUP: 9
452 352 144 31 #SUP: 9
452 215 102 190 386 336 1025 #SUP: 8
452 144 215 386 336 1025 #SUP: 8
452 174 336 1025 #SUP: 8
452 127 102 286 336 1025 #SUP: 8
452 144 102 286 336 1025 #SUP: 8
452 144 127 286 336 1025 #SUP: 8
452 144 36 286 336 1025 #SUP: 8
352 286 336 1025 #SUP: 8
156 190 336 1025 #SUP: 8
452 144 215 102 190 336 1025 #SUP: 8
352 190 336 1025 #SUP: 8
102 156 336 1025 #SUP: 8
452 156 336 1025 #SUP: 9
452 5 336 1025 #SUP: 8
102 295 336 1025 #SUP: 8
452 215 295 336 1025 #SUP: 8
452 215 102 24 336 1025 #SUP: 8
452 144 215 24 336 1025 #SUP: 8
452 36 24 336 1025 #SUP: 8
452 144 127 102 336 1025 #SUP: 8
452 36 102 336 1025 #SUP: 8
452 352 102 336 1025 #SUP: 8
352 127 336 1025 #SUP: 8
452 36 215 336 1025 #SUP: 8
102 285 1025 #SUP: 8
452 102 174 1025 #SUP: 8
452 215 174 1025 #SUP: 8
452 151 1025 #SUP: 8
144 215 129 102 190 1025 #SUP: 8
352 102 190 1025 #SUP: 8
352 295 1025 #SUP: 8
452 127 24 1025 #SUP: 8
452 36 215 24 1025 #SUP: 8
36 127 102 1025 #SUP: 8
352 127 102 1025 #SUP: 8
36 215 129 102 1025 #SUP: 8
452 36 215 102 1025 #SUP: 8
144 36 102 1025 #SUP: 8
36 129 127 1025 #SUP: 8
144 36 127 1025 #SUP: 8
452 36 127 1025 #SUP: 8
144 36 129 1025 #SUP: 8
144 36 215 1025 #SUP: 8
352 215 1025 #SUP: 9
215 386 376 #SUP: 8
235 376 #SUP: 8
452 129 286 376 #SUP: 8
452 215 286 376 #SUP: 9
144 102 190 376 #SUP: 8
452 102 190 376 #SUP: 8
352 144 190 376 #SUP: 8
452 144 190 376 #SUP: 8
156 376 #SUP: 8
452 5 376 #SUP: 8
295 376 #SUP: 9
452 144 24 376 #SUP: 8
129 127 376 #SUP: 8
144 127 376 #SUP: 8
144 215 129 376 #SUP: 8
452 215 129 376 #SUP: 8
452 144 129 376 #SUP: 8
452 144 215 376 #SUP: 8
452 352 215 376 #SUP: 8
144 36 376 #SUP: 8
452 36 376 #SUP: 9
286 285 336 #SUP: 8
215 102 295 285 336 #SUP: 8
129 285 336 #SUP: 8
352 285 336 #SUP: 8
452 144 215 102 190 386 336 #SUP: 8
215 24 386 336 #SUP: 8
215 127 102 386 336 #SUP: 8
36 215 386 336 #SUP: 8
235 336 #SUP: 8
144 215 102 286 174 336 #SUP: 8
102 295 174 336 #SUP: 8
215 295 174 336 #SUP: 8
215 102 24 174 336 #SUP: 8
127 102 174 336 #SUP: 8
144 129 102 174 336 #SUP: 8
36 102 174 336 #SUP: 8
452 102 174 336 #SUP: 9
452 215 174 336 #SUP: 8
5 286 336 #SUP: 8
215 129 102 295 286 336 #SUP: 8
144 295 286 336 #SUP: 8
452 352 295 286 336 #SUP: 8
452 144 24 286 336 #SUP: 8
215 129 127 102 286 336 #SUP: 8
144 215 127 102 286 336 #SUP: 8
452 144 36 102 286 336 #SUP: 8
352 102 286 336 #SUP: 8
144 129 127 286 336 #SUP: 8
151 336 #SUP: 8
352 102 190 336 #SUP: 8
452 352 190 336 #SUP: 8
295 5 336 #SUP: 8
127 102 5 336 #SUP: 8
129 127 5 336 #SUP: 8
215 5 336 #SUP: 8
36 5 336 #SUP: 8
24 295 336 #SUP: 8
129 127 102 295 336 #SUP: 8
144 129 102 295 336 #SUP: 8
452 129 102 295 336 #SUP: 8
452 215 102 295 336 #SUP: 8
36 102 295 336 #SUP: 8
352 215 295 336 #SUP: 8
452 36 295 336 #SUP: 8
452 144 295 336 #SUP: 8
215 127 102 24 336 #SUP: 8
144 127 102 24 336 #SUP: 8
129 102 24 336 #SUP: 8
144 215 102 24 336 #SUP: 8
36 102 24 336 #SUP: 8
452 144 102 24 336 #SUP: 8
129 127 24 336 #SUP: 8
452 144 127 24 336 #SUP: 8
36 129 24 336 #SUP: 8
452 144 129 24 336 #SUP: 8
36 215 24 336 #SUP: 8
452 144 36 24 336 #SUP: 9
352 24 336 #SUP: 8
144 129 127 102 336 #SUP: 8
452 129 127 102 336 #SUP: 8
36 127 102 336 #SUP: 8
352 127 102 336 #SUP: 8
36 215 129 102 336 #SUP: 8
452 144 36 129 102 336 #SUP: 8
452 36 215 102 336 #SUP: 8
352 215 102 336 #SUP: 8
36 129 127 336 #SUP: 8
452 144 129 127 336 #SUP: 8
452 144 36 127 336 #SUP: 8
352 129 336 #SUP: 8
452 352 215 336 #SUP: 8
452 352 144 336 #SUP: 8
352 102 295 386 285 #SUP: 8
452 352 386 285 #SUP: 8
352 102 295 286 235 285 #SUP: 8
127 102 295 235 285 #SUP: 8
215 295 235 285 #SUP: 8
215 295 174 285 #SUP: 8
215 102 174 285 #SUP: 8
127 102 295 286 285 #SUP: 8
144 102 295 286 285 #SUP: 8
452 352 102 295 286 285 #SUP: 8
129 286 285 #SUP: 8
151 285 #SUP: 8
102 295 5 285 #SUP: 8
129 5 285 #SUP: 8
352 102 24 295 285 #SUP: 8
452 102 24 295 285 #SUP: 8
352 127 102 295 285 #SUP: 8
352 129 102 295 285 #SUP: 8
36 102 295 285 #SUP: 8
129 127 295 285 #SUP: 8
452 129 295 285 #SUP: 8
352 215 295 285 #SUP: 8
452 36 295 285 #SUP: 8
215 102 24 285 #SUP: 8
36 102 24 285 #SUP: 8
129 24 285 #SUP: 8
129 127 102 285 #SUP: 8
215 127 102 285 #SUP: 8
452 129 102 285 #SUP: 8
452 215 102 285 #SUP: 8
452 36 102 285 #SUP: 8
452 127 285 #SUP: 9
36 129 285 #SUP: 8
352 36 285 #SUP: 8
452 352 144 285 #SUP: 8
36 386 55 #SUP: 8
156 151 55 #SUP: 8
24 151 55 #SUP: 8
215 151 55 #SUP: 8
452 36 151 55 #SUP: 8
352 151 55 #SUP: 9
36 190 55 #SUP: 8
452 36 156 55 #SUP: 8
102 24 55 #SUP: 8
36 24 55 #SUP: 10
452 24 55 #SUP: 9
36 102 55 #SUP: 10
452 144 102 55 #SUP: 8
23 55 #SUP: 9
127 55 #SUP: 8
129 55 #SUP: 9
452 144 36 55 #SUP: 8
352 36 55 #SUP: 8
235 386 #SUP: 8
215 102 286 174 386 #SUP: 8
215 102 24 174 386 #SUP: 8
452 144 102 190 286 386 #SUP: 8
452 144 102 295 286 386 #SUP: 8
452 352 102 295 286 386 #SUP: 8
102 24 286 386 #SUP: 8
452 127 102 286 386 #SUP: 8
452 144 129 102 286 386 #SUP: 8
452 144 215 102 286 386 #SUP: 8
452 144 36 102 286 386 #SUP: 8
102 151 386 #SUP: 8
452 127 151 386 #SUP: 8
36 151 386 #SUP: 8
452 144 151 386 #SUP: 8
452 352 151 386 #SUP: 8
452 127 190 386 #SUP: 8
452 144 129 190 386 #SUP: 8
452 144 36 190 386 #SUP: 8
452 352 190 386 #SUP: 8
452 102 156 386 #SUP: 8
144 156 386 #SUP: 8
129 102 295 386 #SUP: 8
215 102 295 386 #SUP: 8
127 295 386 #SUP: 8
352 215 295 386 #SUP: 8
452 144 102 24 386 #SUP: 8
452 144 215 24 386 #SUP: 8
36 24 386 #SUP: 9
129 127 102 386 #SUP: 8
452 215 127 102 386 #SUP: 8
452 144 127 102 386 #SUP: 8
36 129 102 386 #SUP: 8
36 215 102 386 #SUP: 8
352 215 102 386 #SUP: 8
452 352 144 102 386 #SUP: 8
452 129 127 386 #SUP: 8
452 36 127 386 #SUP: 9
452 352 127 386 #SUP: 10
452 144 36 129 386 #SUP: 8
352 129 386 #SUP: 8
452 352 36 386 #SUP: 8
127 286 235 #SUP: 8
144 286 235 #SUP: 8
452 352 286 235 #SUP: 8
352 151 235 #SUP: 8
190 235 #SUP: 8
452 156 235 #SUP: 8
5 235 #SUP: 8
144 295 235 #SUP: 8
452 352 295 235 #SUP: 8
24 235 #SUP: 8
129 127 235 #SUP: 8
144 129 235 #SUP: 8
452 129 235 #SUP: 8
352 215 235 #SUP: 9
352 36 235 #SUP: 9
452 36 235 #SUP: 8
452 352 144 235 #SUP: 8
215 102 24 286 174 #SUP: 8
452 144 215 24 286 174 #SUP: 8
144 215 127 286 174 #SUP: 8
215 24 151 174 #SUP: 8
144 129 190 174 #SUP: 8
452 190 174 #SUP: 8
24 5 174 #SUP: 8
215 5 174 #SUP: 9
215 102 295 174 #SUP: 8
352 215 295 174 #SUP: 8
452 295 174 #SUP: 8
215 127 102 24 174 #SUP: 8
129 102 24 174 #SUP: 8
452 36 215 102 24 174 #SUP: 8
144 102 24 174 #SUP: 8
129 127 24 174 #SUP: 9
144 127 24 174 #SUP: 9
452 127 24 174 #SUP: 8
36 129 24 174 #SUP: 8
452 144 129 24 174 #SUP: 8
129 127 102 174 #SUP: 8
144 127 102 174 #SUP: 8
36 129 102 174 #SUP: 8
452 129 102 174 #SUP: 8
452 144 102 174 #SUP: 8
352 102 174 #SUP: 8
215 23 174 #SUP: 9
144 129 127 174 #SUP: 8
452 36 129 174 #SUP: 8
452 352 215 174 #SUP: 8
452 144 36 174 #SUP: 8
151 286 #SUP: 8
352 102 295 190 286 #SUP: 8
452 102 295 190 286 #SUP: 8
452 144 24 190 286 #SUP: 8
452 144 36 102 190 286 #SUP: 8
452 215 129 127 190 286 #SUP: 8
452 144 36 215 129 190 286 #SUP: 8
102 156 286 #SUP: 8
127 156 286 #SUP: 8
452 156 286 #SUP: 8
102 5 286 #SUP: 8
129 127 5 286 #SUP: 8
144 127 5 286 #SUP: 8
452 127 5 286 #SUP: 8
215 5 286 #SUP: 10
452 36 5 286 #SUP: 8
452 144 5 286 #SUP: 8
452 352 5 286 #SUP: 8
144 129 102 295 286 #SUP: 8
452 129 102 295 286 #SUP: 8
144 215 102 295 286 #SUP: 8
452 215 102 295 286 #SUP: 8
452 352 144 102 295 286 #SUP: 8
452 352 215 295 286 #SUP: 8
452 144 36 295 286 #SUP: 8
144 215 102 24 286 #SUP: 8
452 144 102 24 286 #SUP: 8
144 215 127 24 286 #SUP: 8
452 144 127 24 286 #SUP: 8
452 144 36 24 286 #SUP: 9
352 24 286 #SUP: 8
144 129 127 102 286 #SUP: 8
452 129 127 102 286 #SUP: 8
452 215 127 102 286 #SUP: 8
452 144 127 102 286 #SUP: 9
352 127 102 286 #SUP: 8
452 144 36 129 102 286 #SUP: 8
144 215 129 127 286 #SUP: 8
452 144 36 129 127 286 #SUP: 8
452 144 215 127 286 #SUP: 8
352 129 286 #SUP: 8
452 352 144 36 286 #SUP: 8
452 190 151 #SUP: 8
24 156 151 #SUP: 8
215 156 151 #SUP: 8
452 156 151 #SUP: 10
295 151 #SUP: 9
102 24 151 #SUP: 8
452 215 24 151 #SUP: 8
36 24 151 #SUP: 8
452 144 24 151 #SUP: 8
215 102 151 #SUP: 8
452 102 151 #SUP: 8
23 151 #SUP: 8
352 127 151 #SUP: 9
452 129 151 #SUP: 8
36 215 151 #SUP: 8
452 144 215 151 #SUP: 8
352 215 151 #SUP: 8
352 36 151 #SUP: 8
102 156 190 #SUP: 8
127 156 190 #SUP: 8
144 156 190 #SUP: 8
452 156 190 #SUP: 8
452 144 102 295 190 #SUP: 8
452 144 102 24 190 #SUP: 9
144 127 24 190 #SUP: 8
452 144 215 129 24 190 #SUP: 8
452 144 36 24 190 #SUP: 9
144 36 215 129 102 190 #SUP: 8
452 144 36 129 102 190 #SUP: 8
352 215 102 190 #SUP: 8
352 144 102 190 #SUP: 8
452 352 102 190 #SUP: 8
144 215 129 127 190 #SUP: 8
144 36 129 127 190 #SUP: 8
452 144 129 127 190 #SUP: 8
352 215 129 190 #SUP: 8
352 144 129 190 #SUP: 8
452 352 129 190 #SUP: 8
352 144 215 190 #SUP: 8
452 352 215 190 #SUP: 8
352 144 36 190 #SUP: 8
452 352 144 190 #SUP: 9
452 5 156 #SUP: 10
295 156 #SUP: 8
144 24 156 #SUP: 8
452 24 156 #SUP: 9
127 102 156 #SUP: 8
452 215 102 156 #SUP: 8
452 144 102 156 #SUP: 8
23 156 #SUP: 9
144 127 156 #SUP: 8
452 127 156 #SUP: 10
452 144 36 129 156 #SUP: 8
452 144 215 156 #SUP: 8
452 352 156 #SUP: 10
129 102 295 5 #SUP: 8
452 295 5 #SUP: 8
36 102 24 5 #SUP: 8
129 127 24 5 #SUP: 8
452 36 129 24 5 #SUP: 8
144 129 24 5 #SUP: 8
36 215 24 5 #SUP: 8
129 127 102 5 #SUP: 8
36 129 102 5 #SUP: 8
452 129 102 5 #SUP: 8
215 102 5 #SUP: 8
452 36 102 5 #SUP: 9
144 102 5 #SUP: 8
452 23 5 #SUP: 8
36 129 127 5 #SUP: 8
144 129 127 5 #SUP: 9
452 129 127 5 #SUP: 8
452 144 36 127 5 #SUP: 8
215 129 5 #SUP: 9
452 144 36 129 5 #SUP: 9
452 36 215 5 #SUP: 8
352 215 5 #SUP: 8
352 36 5 #SUP: 8
452 36 102 24 295 #SUP: 8
452 144 102 24 295 #SUP: 8
452 352 24 295 #SUP: 8
215 127 102 295 #SUP: 8
144 127 102 295 #SUP: 8
452 127 102 295 #SUP: 8
452 36 129 102 295 #SUP: 8
452 144 129 102 295 #SUP: 8
452 352 129 102 295 #SUP: 8
352 215 102 295 #SUP: 8
452 144 36 102 295 #SUP: 9
352 36 102 295 #SUP: 8
452 129 127 295 #SUP: 8
144 215 129 295 #SUP: 8
352 215 129 295 #SUP: 8
452 215 129 295 #SUP: 8
452 144 36 129 295 #SUP: 8
352 36 129 295 #SUP: 8
36 215 295 #SUP: 8
452 144 215 295 #SUP: 8
452 352 144 36 295 #SUP: 9
129 127 102 24 #SUP: 8
144 215 127 102 24 #SUP: 8
452 215 127 102 24 #SUP: 8
452 144 127 102 24 #SUP: 8
452 36 129 102 24 #SUP: 8
452 144 215 102 24 #SUP: 8
352 215 102 24 #SUP: 8
452 144 36 102 24 #SUP: 8
452 352 102 24 #SUP: 9
23 24 #SUP: 9
452 36 129 127 24 #SUP: 8
452 144 129 127 24 #SUP: 8
452 144 215 127 24 #SUP: 8
452 36 215 129 24 #SUP: 8
452 144 36 129 24 #SUP: 9
352 129 24 #SUP: 8
452 352 144 215 24 #SUP: 8
452 352 36 24 #SUP: 9
36 215 129 127 102 #SUP: 8
144 215 129 127 102 #SUP: 8
144 36 129 127 102 #SUP: 8
452 36 129 127 102 #SUP: 8
452 144 129 127 102 #SUP: 8
452 144 215 127 102 #SUP: 8
352 215 127 102 #SUP: 8
452 144 36 127 102 #SUP: 8
352 144 127 102 #SUP: 8
452 352 127 102 #SUP: 8
352 215 129 102 #SUP: 8
352 36 129 102 #SUP: 8
352 144 215 102 #SUP: 8
452 352 215 102 #SUP: 9
352 144 36 102 #SUP: 8
452 352 36 102 #SUP: 9
127 23 #SUP: 8
452 129 23 #SUP: 8
452 36 23 #SUP: 9
144 23 #SUP: 14
352 23 #SUP: 12
352 129 127 #SUP: 8
352 36 127 #SUP: 9
452 352 144 127 #SUP: 9
352 36 215 129 #SUP: 8
352 144 215 129 #SUP: 8
452 352 215 129 #SUP: 8
452 352 144 36 129 #SUP: 8
352 144 36 215 #SUP: 8
452 352 36 215 #SUP: 9
