195 69 116 442 482 487 285 406 486 498 557 569 20 76 89 332 438 471 499 729 731 800 825 939 941 975 1006 1008 1009 1014 1052 1054 1092 1099 1104 1128 1156 1164 1235 #SUP: 2
197 920 #SUP: 2
8 31 205 36 760 893 901 902 903 907 908 912 918 #SUP: 2
31 205 760 840 887 #SUP: 2
195 69 116 482 487 31 205 486 557 569 608 172 527 729 731 760 800 825 721 728 737 745 748 761 769 807 861 862 872 881 883 #SUP: 2
169 195 69 116 482 487 13 486 557 569 211 276 488 729 731 800 825 726 732 743 838 #SUP: 2
169 195 164 608 423 612 644 650 664 671 681 684 687 701 702 709 #SUP: 2
169 195 442 406 498 652 654 669 #SUP: 2
195 442 609 406 498 608 439 629 640 651 663 #SUP: 2
169 482 487 300 557 569 608 583 607 #SUP: 2
169 482 487 285 557 569 543 570 581 606 #SUP: 2
482 487 609 285 557 569 608 539 605 #SUP: 2
169 609 608 123 306 353 357 610 563 579 580 584 588 #SUP: 2
537 #SUP: 2
527 532 535 #SUP: 2
442 527 533 534 #SUP: 2
442 526 #SUP: 2
169 195 442 164 406 498 353 357 423 439 325 493 514 515 #SUP: 2
195 69 116 442 482 487 8 406 486 498 56 58 99 141 298 332 438 439 471 499 318 360 362 393 395 407 495 503 508 510 #SUP: 2
169 195 69 116 442 482 487 13 406 486 498 43 62 332 438 471 488 499 331 411 418 441 460 #SUP: 2
169 195 69 116 482 487 13 164 300 486 423 488 363 397 399 400 #SUP: 2
169 482 487 300 353 357 346 #SUP: 2
442 335 #SUP: 2
169 195 69 116 13 285 20 43 62 76 89 197 211 276 19 30 85 86 128 181 182 199 200 231 248 312 #SUP: 2
169 195 69 116 8 13 164 300 43 56 58 62 99 141 298 7 12 37 48 54 162 173 186 196 219 229 296 302 303 #SUP: 2
169 195 164 123 306 59 293 #SUP: 2
195 69 116 8 31 205 285 20 36 56 58 76 89 99 141 172 298 66 106 107 108 109 194 220 260 286 287 #SUP: 2
169 195 69 116 13 31 164 205 300 1 172 211 276 22 49 168 225 257 #SUP: 2
169 285 300 123 306 133 202 #SUP: 2
8 31 205 36 197 35 #SUP: 2
4 #SUP: 2
3 #SUP: 2
195 69 116 482 487 486 557 569 729 731 800 825 #SUP: 3
31 205 760 #SUP: 3
609 610 #SUP: 3
527 #SUP: 3
195 69 116 442 482 487 406 486 498 332 438 471 499 #SUP: 3
169 195 69 116 482 487 13 486 488 #SUP: 3
195 442 406 498 439 #SUP: 3
169 195 164 423 #SUP: 3
169 353 357 #SUP: 3
169 123 306 #SUP: 3
195 69 116 8 56 58 99 141 298 #SUP: 3
169 195 69 116 13 211 276 #SUP: 3
197 #SUP: 3
195 69 116 31 205 172 #SUP: 3
195 69 116 285 20 76 89 #SUP: 3
169 195 69 116 13 43 62 #SUP: 3
8 31 205 36 #SUP: 3
1 #SUP: 3
482 487 557 569 608 #SUP: 3
609 608 #SUP: 3
195 608 #SUP: 3
169 608 #SUP: 3
608 #SUP: 4
482 487 285 557 569 #SUP: 3
169 482 487 557 569 #SUP: 3
482 487 557 569 #SUP: 4
195 442 406 498 #SUP: 4
169 195 442 406 498 #SUP: 3
195 69 116 482 487 486 #SUP: 4
169 195 69 116 13 164 300 #SUP: 3
169 482 487 300 #SUP: 3
169 300 #SUP: 4
169 285 #SUP: 3
285 #SUP: 4
31 205 #SUP: 4
169 195 164 #SUP: 4
169 195 69 116 13 #SUP: 4
8 #SUP: 4
609 #SUP: 5
169 482 487 #SUP: 4
482 487 #SUP: 5
442 #SUP: 5
195 69 116 #SUP: 5
195 #SUP: 6
169 195 #SUP: 5
169 #SUP: 6
