1911 #SUP: 10
836 #SUP: 10
549 #SUP: 10
185 516 #SUP: 10
508 #SUP: 10
248 #SUP: 10
214 #SUP: 10
128 #SUP: 10
302 74 #SUP: 10
3028 #SUP: 11
2289 #SUP: 11
1097 #SUP: 11
953 #SUP: 11
681 #SUP: 11
612 #SUP: 11
503 507 #SUP: 10
212 460 #SUP: 10
430 #SUP: 11
2393 #SUP: 12
348 1175 #SUP: 10
705 #SUP: 12
185 509 #SUP: 10
29 509 #SUP: 11
13 #SUP: 12
713 #SUP: 13
689 #SUP: 13
536 531 #SUP: 10
36 302 531 #SUP: 10
185 531 #SUP: 10
29 458 #SUP: 10
1866 377 #SUP: 10
348 377 #SUP: 10
105 #SUP: 13
302 228 92 #SUP: 10
36 302 92 #SUP: 10
348 92 #SUP: 10
29 36 92 #SUP: 10
302 78 #SUP: 10
302 72 #SUP: 11
185 72 #SUP: 10
29 64 #SUP: 11
185 19 #SUP: 10
461 536 #SUP: 10
302 536 #SUP: 10
212 536 #SUP: 10
185 536 #SUP: 10
348 536 #SUP: 10
36 536 #SUP: 10
212 302 349 #SUP: 11
29 212 349 #SUP: 10
185 349 #SUP: 10
302 1747 #SUP: 11
212 1747 #SUP: 11
36 1747 #SUP: 12
29 1747 #SUP: 10
36 302 600 #SUP: 10
212 600 #SUP: 10
29 600 #SUP: 12
302 47 #SUP: 10
348 47 #SUP: 11
1866 1258 #SUP: 10
185 1258 #SUP: 11
29 1258 #SUP: 10
36 302 24 #SUP: 10
212 24 #SUP: 10
185 24 #SUP: 12
348 24 #SUP: 11
29 24 #SUP: 11
302 461 #SUP: 10
317 461 #SUP: 10
212 461 #SUP: 11
185 461 #SUP: 11
36 461 #SUP: 11
29 461 #SUP: 10
185 302 228 #SUP: 10
36 348 302 228 #SUP: 10
29 302 228 #SUP: 10
348 185 228 #SUP: 10
29 348 228 #SUP: 11
184 #SUP: 18
185 85 #SUP: 11
348 85 #SUP: 11
36 317 302 #SUP: 10
29 317 302 #SUP: 10
348 1866 302 #SUP: 10
185 212 302 #SUP: 11
348 212 302 #SUP: 10
36 212 302 #SUP: 10
29 212 302 #SUP: 10
348 185 302 #SUP: 10
36 185 302 #SUP: 10
29 348 302 #SUP: 10
29 36 302 #SUP: 11
1 #SUP: 19
212 317 #SUP: 10
29 185 317 #SUP: 10
348 317 #SUP: 10
29 36 317 #SUP: 10
348 185 1866 #SUP: 10
36 348 1866 #SUP: 10
29 348 1866 #SUP: 10
348 185 212 #SUP: 10
36 185 212 #SUP: 10
29 36 185 #SUP: 10
29 36 348 #SUP: 11
