4600 #SUP: 5
3970 #SUP: 5
411 3846 #SUP: 5
499 411 3154 3636 #SUP: 5
3245 #SUP: 5
3066 #SUP: 5
3032 #SUP: 5
2193 #SUP: 5
2102 #SUP: 5
484 2074 #SUP: 5
488 499 484 402 1991 1993 #SUP: 5
488 1987 #SUP: 5
153 1977 #SUP: 5
1914 #SUP: 5
1884 #SUP: 5
499 2076 1830 #SUP: 5
1798 #SUP: 5
1735 #SUP: 5
411 1693 #SUP: 5
1673 #SUP: 5
1593 #SUP: 5
1591 #SUP: 5
1589 #SUP: 5
1576 #SUP: 5
1557 #SUP: 5
499 1389 #SUP: 5
499 1269 1273 1370 #SUP: 5
1256 #SUP: 5
1173 1235 #SUP: 5
1223 #SUP: 5
1129 #SUP: 5
1063 #SUP: 5
1042 #SUP: 5
991 #SUP: 5
946 #SUP: 5
913 #SUP: 5
759 #SUP: 5
688 #SUP: 5
656 #SUP: 5
600 #SUP: 5
599 #SUP: 5
590 #SUP: 5
587 #SUP: 5
580 #SUP: 5
504 #SUP: 5
436 #SUP: 5
385 #SUP: 5
368 #SUP: 5
332 #SUP: 5
488 153 198 #SUP: 5
16 #SUP: 5
3055 #SUP: 6
3020 #SUP: 6
488 2979 #SUP: 5
2696 #SUP: 6
2432 #SUP: 6
2083 #SUP: 6
488 1957 #SUP: 5
488 1877 #SUP: 5
1774 #SUP: 6
1753 #SUP: 6
1746 #SUP: 6
1663 #SUP: 6
1584 #SUP: 6
484 1433 #SUP: 5
12 1433 #SUP: 5
153 1433 #SUP: 5
488 1433 #SUP: 5
1396 #SUP: 6
1293 #SUP: 6
1225 #SUP: 6
1143 #SUP: 6
1125 #SUP: 6
940 #SUP: 6
617 628 #SUP: 5
585 #SUP: 6
559 #SUP: 6
411 387 #SUP: 5
488 387 #SUP: 5
488 382 #SUP: 5
103 #SUP: 6
93 #SUP: 6
68 #SUP: 6
3435 #SUP: 7
488 3154 #SUP: 5
96 2000 #SUP: 5
215 2000 #SUP: 5
488 499 2000 #SUP: 5
488 1194 #SUP: 5
999 #SUP: 7
981 #SUP: 7
679 #SUP: 7
488 499 421 484 402 #SUP: 5
488 499 153 484 402 #SUP: 5
488 499 421 388 402 #SUP: 5
488 499 411 421 402 #SUP: 5
362 #SUP: 7
202 #SUP: 7
484 191 #SUP: 5
99 98 #SUP: 6
499 96 #SUP: 6
82 #SUP: 7
499 779 3486 #SUP: 5
488 3486 #SUP: 6
488 2592 #SUP: 5
499 421 690 1813 #SUP: 5
488 421 1813 #SUP: 5
411 1813 #SUP: 5
488 1787 #SUP: 5
153 690 #SUP: 5
488 690 #SUP: 6
637 #SUP: 8
12 484 #SUP: 5
411 484 #SUP: 5
90 153 484 #SUP: 5
488 411 388 #SUP: 5
499 421 357 #SUP: 5
674 357 #SUP: 5
488 357 #SUP: 5
488 284 #SUP: 7
273 #SUP: 8
4 #SUP: 8
1173 993 #SUP: 7
153 993 #SUP: 6
731 #SUP: 9
499 153 421 #SUP: 5
617 215 #SUP: 5
488 153 215 #SUP: 5
488 90 215 #SUP: 5
499 215 #SUP: 5
12 1173 #SUP: 5
617 1173 #SUP: 5
153 1173 #SUP: 5
1246 938 #SUP: 5
153 938 #SUP: 7
682 #SUP: 11
153 617 12 #SUP: 5
488 153 12 #SUP: 5
617 674 #SUP: 6
488 674 #SUP: 6
153 1246 617 #SUP: 5
499 1246 617 #SUP: 5
488 153 617 #SUP: 5
90 617 #SUP: 5
153 411 #SUP: 5
90 411 #SUP: 5
488 499 1246 #SUP: 5
488 90 153 #SUP: 7
488 499 90 #SUP: 5
