18 4 63 138 392 395 401 404 420 427 #SUP: 2
412 #SUP: 2
29 18 4 55 63 348 392 395 401 404 406 389 390 394 396 397 398 399 400 402 403 405 #SUP: 2
4 7 369 376 #SUP: 2
36 138 208 #SUP: 2
29 62 #SUP: 2
29 36 28 34 #SUP: 2
3 13 23 #SUP: 2
18 4 7 20 #SUP: 2
18 4 11 #SUP: 2
6 #SUP: 2
18 4 5 #SUP: 2
406 #SUP: 3
18 4 63 392 395 401 404 #SUP: 3
4 55 340 348 #SUP: 2
4 55 348 #SUP: 3
29 55 138 340 #SUP: 2
55 340 #SUP: 3
138 #SUP: 3
18 63 52 #SUP: 2
18 52 #SUP: 3
29 18 52 #SUP: 2
36 #SUP: 3
4 7 #SUP: 3
18 63 #SUP: 4
29 18 63 #SUP: 3
29 18 55 #SUP: 3
29 55 #SUP: 4
55 #SUP: 5
18 4 #SUP: 4
4 #SUP: 5
18 #SUP: 6
29 18 #SUP: 4
29 #SUP: 7
