211 285 331 31 3357 #SUP: 3
211 285 20 8 512 517 837 56 199 530 30 2890 3273 #SUP: 3
211 285 332 62 89 168 1885 1796 3087 #SUP: 3
169 199 363 2924 #SUP: 3
195 285 332 1885 805 1796 2285 2342 2613 #SUP: 3
195 285 20 8 512 517 1071 1455 1867 2502 2484 2548 #SUP: 3
285 332 20 737 8 512 517 473 1885 172 1796 2511 #SUP: 3
195 211 285 332 62 497 1885 805 1796 1737 2243 #SUP: 3
195 285 332 331 978 1885 805 1796 2048 2090 2103 2189 #SUP: 3
2184 #SUP: 3
195 285 332 20 13 444 512 517 500 1885 805 1071 1796 1412 1867 1681 1795 2155 #SUP: 3
211 285 20 69 331 512 517 837 56 530 895 2123 #SUP: 3
195 285 20 331 512 517 1071 1867 2048 2098 #SUP: 3
195 211 285 20 169 512 517 837 56 497 530 363 1071 73 641 1070 1130 1227 1346 1452 1867 1654 1764 1888 #SUP: 3
195 211 285 331 497 954 2048 1541 1704 1884 #SUP: 3
1885 1774 #SUP: 3
195 211 285 20 169 331 837 954 490 1452 1508 #SUP: 3
195 211 285 20 169 408 837 30 1452 1455 1454 1505 #SUP: 3
211 285 332 20 331 837 62 76 117 1478 #SUP: 3
484 488 737 735 1175 1473 #SUP: 3
211 285 332 20 737 837 62 76 89 473 30 197 988 1414 #SUP: 3
195 285 20 331 1455 1383 1400 #SUP: 3
169 1392 #SUP: 3
195 211 285 332 331 62 954 1368 #SUP: 3
195 69 837 36 738 1116 1227 1256 1346 1355 #SUP: 3
332 69 837 1352 #SUP: 3
69 738 1116 1256 1348 #SUP: 3
332 8 837 199 1328 #SUP: 3
484 195 332 1217 #SUP: 3
484 332 488 8 1212 #SUP: 3
195 285 332 20 169 444 837 76 954 117 490 1069 1183 #SUP: 3
484 488 737 1172 1175 1168 #SUP: 3
195 285 332 20 737 8 444 512 473 500 172 805 1029 1071 1050 1138 #SUP: 3
195 285 20 169 8 408 512 837 56 497 530 1071 543 667 782 1070 1130 758 1073 1085 #SUP: 3
195 285 332 20 169 444 512 837 56 76 497 500 530 300 805 1071 58 1070 1102 1130 1059 #SUP: 3
195 285 332 20 444 512 500 978 805 1071 220 1020 769 877 1056 #SUP: 3
195 285 332 497 954 978 805 612 1022 #SUP: 3
195 285 408 497 954 31 365 782 742 995 #SUP: 3
195 285 332 408 89 168 497 110 805 782 993 #SUP: 3
285 332 20 737 8 512 837 56 76 89 168 473 530 172 197 988 851 #SUP: 3
484 195 285 332 978 805 798 #SUP: 3
484 488 737 735 731 #SUP: 3
195 444 517 500 713 #SUP: 3
484 489 561 573 673 #SUP: 3
195 658 #SUP: 3
195 169 444 517 164 500 300 608 641 649 #SUP: 3
195 169 444 500 300 612 633 #SUP: 3
195 169 408 517 59 325 641 667 605 620 #SUP: 3
561 610 #SUP: 3
484 489 561 164 587 #SUP: 3
484 195 574 585 #SUP: 3
608 563 #SUP: 3
195 211 285 20 169 8 408 512 517 56 199 497 530 30 59 363 73 86 325 397 543 358 496 545 #SUP: 3
484 285 332 488 489 20 69 8 512 56 76 89 168 473 530 31 117 172 197 107 108 141 537 #SUP: 3
484 195 285 332 488 20 8 444 512 473 500 172 441 220 362 505 #SUP: 3
484 195 408 59 495 #SUP: 3
195 211 285 332 20 169 13 444 512 517 56 62 76 164 497 500 530 112 300 363 58 73 284 43 296 491 #SUP: 3
484 195 285 332 488 20 331 13 444 473 443 541 128 462 #SUP: 3
169 164 199 110 112 363 99 100 227 461 #SUP: 3
195 211 285 332 20 169 13 408 444 62 76 89 473 30 197 440 420 #SUP: 3
195 285 20 69 169 8 408 512 56 497 530 31 36 441 490 365 501 543 35 318 409 #SUP: 3
69 164 402 #SUP: 3
195 211 285 332 331 62 497 182 297 366 #SUP: 3
195 69 8 199 36 86 364 #SUP: 3
211 343 #SUP: 3
195 285 332 20 169 8 408 444 512 56 76 89 168 473 497 500 530 110 172 197 300 58 99 205 440 543 335 #SUP: 3
195 285 332 20 331 13 444 512 517 500 220 323 #SUP: 3
195 169 408 444 517 164 500 59 300 325 293 301 #SUP: 3
195 285 332 20 69 169 444 512 56 76 497 500 530 36 117 300 490 58 220 501 49 257 276 286 #SUP: 3
195 285 20 331 8 512 517 441 271 #SUP: 3
331 270 #SUP: 3
484 332 488 489 69 8 199 200 #SUP: 3
484 195 285 332 331 443 193 #SUP: 3
195 211 285 332 408 62 89 168 497 59 110 397 186 #SUP: 3
195 211 285 332 20 169 331 13 444 62 76 117 490 181 #SUP: 3
484 195 444 517 500 441 124 #SUP: 3
484 195 285 332 408 89 168 497 31 110 365 109 #SUP: 3
211 285 332 20 8 512 517 56 62 76 89 168 199 473 530 30 112 172 197 284 24 #SUP: 3
331 2501 2502 #SUP: 3
1885 2502 #SUP: 3
2502 #SUP: 4
331 1885 2501 #SUP: 3
285 20 331 8 512 517 2501 #SUP: 3
331 2501 #SUP: 4
195 285 331 2048 #SUP: 4
195 285 20 512 517 1071 1867 #SUP: 4
195 285 332 20 737 13 444 473 1029 1412 1455 #SUP: 3
195 285 20 1455 #SUP: 4
195 211 285 332 20 169 13 444 837 62 76 1412 1452 #SUP: 3
195 211 285 20 169 837 1452 #SUP: 4
195 285 332 20 331 13 444 1378 1412 #SUP: 3
195 285 332 20 13 444 1412 #SUP: 4
331 1885 1378 #SUP: 3
331 954 1378 #SUP: 3
331 1378 #SUP: 4
195 8 837 199 86 1227 1346 #SUP: 3
195 332 13 837 1227 1346 #SUP: 3
195 837 1227 1346 #SUP: 4
69 169 363 738 1116 776 1256 #SUP: 3
69 199 738 1116 1256 #SUP: 3
69 738 1116 1256 #SUP: 4
195 285 20 69 169 512 837 56 497 530 954 36 490 1071 1116 501 776 895 1070 1130 #SUP: 3
195 285 20 169 512 837 56 497 530 1071 1070 1130 #SUP: 4
69 169 978 1116 776 1102 #SUP: 3
169 737 110 99 1102 #SUP: 3
169 164 112 363 1102 #SUP: 3
169 1102 #SUP: 4
195 332 69 837 36 1116 1020 #SUP: 3
484 195 332 488 8 1029 1020 #SUP: 3
195 332 13 1020 #SUP: 3
195 332 1020 #SUP: 4
195 285 332 20 169 737 408 444 837 76 89 473 197 1029 440 988 #SUP: 3
484 285 332 488 489 561 20 737 837 76 89 473 573 735 117 197 988 #SUP: 3
285 332 20 737 837 76 89 473 197 988 #SUP: 4
285 332 20 69 512 837 56 76 530 978 117 895 #SUP: 3
285 20 69 8 512 837 56 530 31 895 #SUP: 3
285 20 69 512 837 56 530 895 #SUP: 4
195 211 285 408 497 59 397 782 #SUP: 3
195 285 408 497 782 #SUP: 4
69 169 1116 776 #SUP: 4
484 488 489 561 69 737 735 978 734 #SUP: 3
484 488 489 561 69 737 735 734 #SUP: 4
484 488 489 561 69 737 573 735 734 #SUP: 3
195 169 408 441 667 #SUP: 3
195 169 408 444 500 300 667 #SUP: 3
195 169 408 667 #SUP: 4
195 169 517 359 641 #SUP: 3
195 169 517 641 #SUP: 4
484 195 408 612 #SUP: 3
195 612 #SUP: 4
211 608 #SUP: 3
608 #SUP: 4
484 489 561 574 #SUP: 3
484 488 574 #SUP: 3
484 574 #SUP: 4
195 285 20 169 8 408 512 56 497 530 543 #SUP: 4
484 211 285 332 488 489 20 331 62 76 89 473 30 117 197 443 541 #SUP: 3
484 285 332 488 20 331 8 512 517 473 172 443 541 #SUP: 3
484 285 332 488 20 331 737 473 735 443 541 #SUP: 3
484 285 332 488 20 331 473 443 541 #SUP: 4
195 211 285 20 69 169 331 512 517 56 497 530 36 363 490 73 359 501 #SUP: 3
195 285 20 69 169 512 56 497 530 36 490 501 #SUP: 4
484 195 285 332 488 489 20 169 408 444 76 89 473 117 197 490 440 #SUP: 3
195 285 332 20 169 408 444 76 89 473 197 440 #SUP: 4
195 211 285 331 408 497 31 59 365 397 #SUP: 3
195 211 285 408 497 59 397 #SUP: 4
195 285 408 497 31 365 #SUP: 4
195 169 408 517 59 441 325 359 #SUP: 3
195 169 444 517 164 500 300 359 #SUP: 3
195 169 517 359 #SUP: 4
195 169 408 517 59 325 #SUP: 4
211 285 332 20 512 517 837 56 62 76 530 1885 112 1796 284 #SUP: 3
211 285 332 20 69 331 512 517 56 62 76 530 112 117 284 #SUP: 3
211 285 332 20 512 517 56 62 76 530 112 284 #SUP: 4
195 285 332 20 444 512 500 220 #SUP: 4
195 332 8 13 199 86 205 #SUP: 3
195 332 8 837 1029 205 #SUP: 3
484 195 332 488 489 69 8 36 205 #SUP: 3
195 332 8 205 #SUP: 4
133 #SUP: 4
484 489 169 164 133 #SUP: 3
484 488 489 69 169 110 99 #SUP: 3
169 110 99 #SUP: 4
195 8 199 86 #SUP: 4
195 211 285 20 169 512 517 56 497 530 363 73 #SUP: 4
195 285 332 20 169 444 512 56 76 497 500 530 300 58 #SUP: 4
195 285 332 1885 805 1796 #SUP: 4
484 285 332 331 978 1885 443 1796 #SUP: 3
211 285 332 331 62 978 1885 1796 #SUP: 3
285 332 20 331 512 517 978 1885 1796 #SUP: 3
285 332 331 978 1885 1796 #SUP: 4
211 285 332 62 1885 1796 #SUP: 4
285 332 20 512 517 1885 1796 #SUP: 4
285 332 1885 1796 #SUP: 5
484 195 285 332 488 20 737 444 473 735 1029 1175 #SUP: 3
484 488 737 735 978 1175 #SUP: 3
484 488 489 561 169 737 735 1175 #SUP: 3
484 488 737 735 1175 #SUP: 4
484 488 489 561 737 573 1175 #SUP: 3
484 488 489 561 737 1175 #SUP: 4
484 488 737 1175 #SUP: 5
484 285 332 488 20 737 8 512 473 735 978 172 1172 #SUP: 3
484 488 489 561 737 168 573 1172 #SUP: 3
484 488 737 1172 #SUP: 4
484 1172 #SUP: 5
195 69 8 837 36 1116 #SUP: 3
195 69 837 36 1116 #SUP: 4
484 488 489 561 69 1116 #SUP: 3
69 1116 #SUP: 5
195 285 332 20 444 512 500 805 1071 #SUP: 4
195 285 20 8 512 441 1071 #SUP: 3
195 285 20 8 512 1071 #SUP: 4
195 285 20 512 1071 #SUP: 5
195 285 332 20 737 444 473 1029 #SUP: 4
195 332 13 837 1029 #SUP: 3
484 195 332 488 489 561 837 1029 #SUP: 3
195 332 837 1029 #SUP: 4
195 332 8 13 1029 #SUP: 3
484 195 332 488 13 1029 #SUP: 3
195 332 13 1029 #SUP: 4
195 332 8 1029 #SUP: 4
484 195 332 488 1029 #SUP: 4
195 332 1029 #SUP: 5
195 285 332 978 805 #SUP: 4
195 285 332 497 805 #SUP: 4
195 285 332 805 #SUP: 5
69 164 738 #SUP: 3
484 488 489 561 69 738 #SUP: 3
69 738 #SUP: 5
195 285 332 20 169 444 76 117 490 #SUP: 4
195 211 285 20 169 331 408 30 490 #SUP: 3
195 285 20 169 408 837 954 490 #SUP: 3
195 285 20 169 837 954 490 #SUP: 4
195 285 20 169 408 490 #SUP: 4
195 211 285 20 169 331 490 #SUP: 4
195 285 20 169 490 #SUP: 5
484 211 285 332 331 62 89 168 31 443 #SUP: 3
484 195 211 285 332 331 408 62 89 443 #SUP: 3
484 211 285 332 331 62 89 443 #SUP: 4
484 195 285 332 331 443 #SUP: 4
484 285 332 331 443 #SUP: 5
484 195 489 169 408 444 500 300 441 #SUP: 3
484 195 444 500 441 #SUP: 4
195 517 441 #SUP: 4
195 285 20 8 512 441 #SUP: 4
195 169 408 441 #SUP: 4
195 441 #SUP: 5
69 169 164 112 363 #SUP: 3
169 164 112 363 #SUP: 4
69 169 199 363 #SUP: 3
169 199 363 #SUP: 4
69 169 363 #SUP: 4
169 363 #SUP: 5
195 169 444 517 164 500 300 #SUP: 4
195 169 408 444 500 300 #SUP: 4
195 169 444 500 300 #SUP: 5
285 332 20 8 512 56 76 89 168 473 530 172 197 #SUP: 4
484 285 332 488 489 20 76 89 473 117 197 #SUP: 4
211 285 332 20 62 76 89 473 30 197 #SUP: 4
285 332 20 76 89 473 197 #SUP: 5
195 285 332 20 8 13 444 512 517 473 500 172 #SUP: 3
195 285 332 20 8 444 512 473 500 172 #SUP: 4
285 332 20 8 512 517 473 172 #SUP: 4
285 332 20 737 8 512 473 172 #SUP: 4
484 285 332 488 20 8 512 473 172 #SUP: 4
285 332 20 8 512 473 172 #SUP: 5
285 332 20 69 512 56 76 530 117 #SUP: 4
211 285 332 20 331 62 76 117 #SUP: 4
285 332 20 837 76 117 #SUP: 4
285 332 20 76 117 #SUP: 5
69 978 112 #SUP: 3
737 199 112 #SUP: 3
484 488 489 69 199 112 #SUP: 3
199 112 #SUP: 4
69 112 #SUP: 4
112 #SUP: 5
484 978 110 #SUP: 3
195 285 332 408 89 168 497 110 #SUP: 4
484 110 #SUP: 4
110 #SUP: 5
195 408 59 #SUP: 5
195 332 69 13 36 #SUP: 3
195 69 8 36 #SUP: 4
195 332 69 36 #SUP: 4
195 69 36 #SUP: 5
211 285 20 69 331 1 8 512 517 56 199 530 30 31 #SUP: 3
484 285 332 89 168 978 31 #SUP: 3
285 20 69 8 512 56 530 31 #SUP: 4
484 285 332 89 168 31 #SUP: 4
211 285 331 31 #SUP: 4
285 31 #SUP: 5
211 285 20 8 512 517 56 199 530 30 #SUP: 4
211 285 20 331 837 30 #SUP: 3
211 285 20 837 30 #SUP: 4
195 211 285 20 169 408 30 #SUP: 4
211 285 20 331 30 #SUP: 4
211 285 20 30 #SUP: 5
331 954 1885 #SUP: 3
331 1885 #SUP: 5
1885 #SUP: 6
484 488 737 735 978 #SUP: 4
285 332 20 512 978 #SUP: 4
69 978 #SUP: 4
484 285 332 978 #SUP: 4
285 332 978 #SUP: 5
484 978 #SUP: 5
978 #SUP: 6
195 285 497 954 #SUP: 4
484 195 285 332 408 89 954 #SUP: 3
195 211 285 331 408 954 #SUP: 3
195 285 408 954 #SUP: 4
195 211 285 331 954 #SUP: 4
331 954 #SUP: 5
195 285 332 954 #SUP: 4
195 285 954 #SUP: 5
954 #SUP: 6
484 488 489 561 737 573 735 #SUP: 4
484 285 332 488 20 737 473 735 #SUP: 4
484 488 489 561 737 735 #SUP: 5
484 488 737 735 #SUP: 6
484 195 489 561 169 408 444 573 #SUP: 3
484 488 489 561 737 573 #SUP: 5
484 489 561 573 #SUP: 6
195 285 20 169 512 56 497 530 #SUP: 5
285 332 20 512 837 56 76 530 #SUP: 4
285 332 20 512 56 76 530 #SUP: 5
211 285 20 512 517 837 56 530 #SUP: 4
285 20 8 512 837 56 530 #SUP: 4
285 20 512 837 56 530 #SUP: 5
211 285 20 69 331 512 517 56 530 #SUP: 4
211 285 20 512 517 56 530 #SUP: 5
285 20 8 512 56 530 #SUP: 5
285 20 69 512 56 530 #SUP: 5
285 20 512 56 530 #SUP: 6
195 285 332 20 13 444 512 517 500 #SUP: 4
195 444 517 500 #SUP: 5
195 285 332 20 444 512 500 #SUP: 5
195 444 500 #SUP: 6
195 211 285 332 62 497 #SUP: 4
195 285 408 497 #SUP: 5
195 211 285 331 497 #SUP: 4
195 285 332 497 #SUP: 5
195 211 285 497 #SUP: 5
195 285 497 #SUP: 6
195 285 332 20 13 444 473 #SUP: 4
484 195 285 332 488 20 444 473 #SUP: 4
195 285 332 20 444 473 #SUP: 5
285 332 20 737 473 #SUP: 5
484 285 332 488 20 473 #SUP: 5
285 332 20 473 #SUP: 6
69 8 837 199 #SUP: 3
8 837 199 #SUP: 4
69 8 199 #SUP: 4
332 8 199 #SUP: 4
8 199 #SUP: 5
484 488 489 561 69 199 #SUP: 3
484 488 489 69 199 #SUP: 4
69 199 #SUP: 5
199 #SUP: 6
211 285 332 62 89 168 #SUP: 4
285 332 89 168 #SUP: 5
484 488 489 1 168 #SUP: 3
737 168 #SUP: 4
484 488 489 168 #SUP: 4
484 168 #SUP: 5
168 #SUP: 6
737 164 #SUP: 3
169 164 #SUP: 5
69 164 #SUP: 4
484 488 489 69 164 #SUP: 3
484 489 164 #SUP: 4
164 #SUP: 6
195 211 285 332 408 62 89 #SUP: 4
211 285 332 62 89 #SUP: 5
195 285 332 408 89 #SUP: 5
484 195 285 332 408 89 #SUP: 4
484 285 332 89 #SUP: 5
285 332 89 #SUP: 6
211 285 332 20 837 62 76 #SUP: 4
195 211 285 332 20 169 13 444 62 76 #SUP: 4
211 285 332 20 62 76 #SUP: 5
195 285 332 20 169 444 837 76 #SUP: 4
285 332 20 837 76 #SUP: 5
195 285 332 20 169 444 76 #SUP: 5
285 332 20 76 #SUP: 6
195 211 285 332 331 62 #SUP: 4
211 285 332 331 62 #SUP: 5
195 211 285 332 62 #SUP: 5
211 285 332 62 #SUP: 6
195 285 20 169 408 837 #SUP: 4
195 332 13 837 #SUP: 4
484 332 488 489 561 69 8 837 #SUP: 3
69 8 837 #SUP: 4
332 8 837 #SUP: 4
195 8 837 #SUP: 4
8 837 #SUP: 5
211 285 20 331 837 #SUP: 4
195 285 20 169 837 #SUP: 5
332 69 837 #SUP: 4
69 837 #SUP: 5
211 285 20 837 #SUP: 5
285 20 837 #SUP: 6
484 332 488 489 561 837 #SUP: 4
195 332 837 #SUP: 5
332 837 #SUP: 6
195 837 #SUP: 6
837 #SUP: 7
285 20 331 8 512 517 #SUP: 4
195 285 20 8 512 517 #SUP: 4
285 20 8 512 517 #SUP: 5
285 332 20 331 512 517 #SUP: 4
195 285 20 331 512 517 #SUP: 4
285 20 331 512 517 #SUP: 5
285 332 20 512 517 #SUP: 5
195 285 20 512 517 #SUP: 5
285 20 512 517 #SUP: 6
195 169 517 #SUP: 5
484 489 517 #SUP: 3
195 517 #SUP: 6
484 517 #SUP: 4
517 #SUP: 7
195 285 20 8 512 #SUP: 5
285 20 8 512 #SUP: 6
285 332 20 512 #SUP: 6
195 285 20 512 #SUP: 6
285 20 512 #SUP: 7
484 195 489 169 408 444 #SUP: 4
195 169 408 444 #SUP: 5
195 285 332 20 331 13 444 #SUP: 4
195 285 332 20 13 444 #SUP: 5
195 169 444 #SUP: 6
195 285 332 20 444 #SUP: 6
195 444 #SUP: 7
484 195 444 #SUP: 5
195 211 285 331 408 #SUP: 4
195 285 20 169 408 #SUP: 5
195 169 408 #SUP: 6
195 211 285 408 #SUP: 5
195 285 408 #SUP: 6
195 408 #SUP: 7
484 195 408 #SUP: 5
484 195 332 488 8 13 #SUP: 3
195 332 8 13 #SUP: 4
484 195 332 488 489 13 #SUP: 3
484 195 332 488 13 #SUP: 4
195 332 13 #SUP: 6
211 13 #SUP: 5
13 #SUP: 7
484 332 488 489 69 8 #SUP: 4
69 8 #SUP: 5
484 195 332 488 8 #SUP: 4
484 332 488 8 #SUP: 5
195 332 8 #SUP: 5
332 8 #SUP: 6
195 8 #SUP: 6
8 #SUP: 7
561 1 #SUP: 3
211 1 #SUP: 4
1 #SUP: 7
169 737 #SUP: 4
484 488 489 561 737 #SUP: 6
484 488 737 #SUP: 7
737 #SUP: 8
285 332 20 331 #SUP: 5
211 285 20 331 #SUP: 5
195 285 20 331 #SUP: 5
285 20 331 #SUP: 6
195 285 332 331 #SUP: 5
285 332 331 #SUP: 6
195 211 285 331 #SUP: 5
211 285 331 #SUP: 6
195 285 331 #SUP: 6
285 331 #SUP: 7
331 #SUP: 8
69 169 #SUP: 5
195 211 285 20 169 #SUP: 5
195 285 20 169 #SUP: 6
484 489 561 169 #SUP: 4
484 488 489 169 #SUP: 4
484 489 169 #SUP: 5
195 169 #SUP: 7
169 #SUP: 8
484 488 489 561 69 #SUP: 5
484 488 489 69 #SUP: 6
332 69 #SUP: 5
69 #SUP: 8
285 332 20 #SUP: 7
211 285 20 #SUP: 6
195 285 20 #SUP: 7
285 20 #SUP: 8
484 488 489 561 #SUP: 7
484 195 489 561 #SUP: 4
484 489 561 #SUP: 8
211 561 #SUP: 3
561 #SUP: 9
484 195 332 488 489 #SUP: 4
484 332 488 489 #SUP: 5
484 488 489 #SUP: 8
484 195 489 #SUP: 5
484 489 #SUP: 9
484 195 332 488 #SUP: 5
484 332 488 #SUP: 6
484 488 #SUP: 9
195 285 332 #SUP: 7
484 195 285 332 #SUP: 5
484 285 332 #SUP: 6
285 332 #SUP: 8
195 332 #SUP: 8
484 195 332 #SUP: 6
484 332 #SUP: 7
332 #SUP: 9
195 211 285 #SUP: 6
211 285 #SUP: 7
195 285 #SUP: 8
285 #SUP: 9
211 #SUP: 9
195 #SUP: 10
484 195 #SUP: 7
484 #SUP: 12
