285 332 1885 1796 #SUP: 5
484 488 737 1175 #SUP: 5
484 1172 #SUP: 5
69 1116 #SUP: 5
195 285 20 512 1071 #SUP: 5
195 332 1029 #SUP: 5
195 285 332 805 #SUP: 5
484 488 737 735 #SUP: 5
285 20 837 512 56 530 #SUP: 5
285 20 512 517 #SUP: 5
195 285 497 #SUP: 5
285 332 20 737 473 #SUP: 5
195 285 332 20 444 #SUP: 5
195 285 408 #SUP: 5
199 #SUP: 5
168 #SUP: 5
285 332 89 #SUP: 5
285 332 20 837 76 #SUP: 5
285 332 211 62 #SUP: 5
195 332 13 #SUP: 5
331 1885 #SUP: 5
1885 #SUP: 6
285 332 978 #SUP: 5
484 978 #SUP: 5
978 #SUP: 6
331 954 #SUP: 5
195 285 954 #SUP: 5
954 #SUP: 6
285 20 8 512 #SUP: 5
285 332 20 512 #SUP: 5
285 20 512 #SUP: 6
484 488 561 489 #SUP: 6
484 488 561 737 489 #SUP: 5
169 #SUP: 6
195 285 20 837 169 #SUP: 5
69 #SUP: 6
837 69 #SUP: 5
837 8 #SUP: 5
332 8 #SUP: 5
195 8 #SUP: 5
8 #SUP: 6
285 20 211 837 #SUP: 5
285 20 837 #SUP: 6
195 332 837 #SUP: 5
332 837 #SUP: 6
195 837 #SUP: 6
837 #SUP: 7
484 488 737 #SUP: 6
737 #SUP: 7
561 #SUP: 7
484 488 #SUP: 7
484 332 488 #SUP: 5
285 211 331 #SUP: 5
285 20 331 #SUP: 5
285 332 331 #SUP: 5
285 331 #SUP: 6
195 285 331 #SUP: 5
331 #SUP: 7
285 211 #SUP: 6
195 285 211 #SUP: 5
211 #SUP: 7
285 332 20 #SUP: 6
285 20 #SUP: 7
195 285 20 #SUP: 6
195 285 332 #SUP: 6
484 285 332 #SUP: 5
285 332 #SUP: 7
195 332 #SUP: 7
484 195 332 #SUP: 5
484 332 #SUP: 6
332 #SUP: 8
195 285 #SUP: 7
285 #SUP: 8
195 #SUP: 8
484 #SUP: 9
