185 1847 4574 #SUP: 3
226 300 47 346 4289 #SUP: 3
185 4267 #SUP: 3
36 226 300 527 532 72 1732 214 545 46 4206 #SUP: 3
210 300 346 2362 3014 3577 #SUP: 3
210 36 300 527 532 596 677 1017 2430 3446 3492 #SUP: 3
36 347 300 527 532 688 608 488 188 1162 3454 #SUP: 3
210 3323 #SUP: 3
210 347 300 346 608 701 948 1082 1162 956 3014 3070 3154 #SUP: 3
29 210 36 347 300 459 527 532 596 608 677 515 1162 2388 3070 2656 2765 3121 #SUP: 3
36 85 226 300 527 532 72 346 1732 545 1790 3090 #SUP: 3
210 36 300 527 532 346 596 677 3014 3065 #SUP: 3
185 210 72 2884 #SUP: 3
185 210 36 226 300 527 532 72 596 677 1732 19 512 545 2260 379 89 1958 2015 2116 2629 2736 2855 #SUP: 3
185 210 226 300 346 375 512 1847 976 3014 2851 #SUP: 3
185 210 347 226 300 78 608 512 1162 1988 3070 2711 #SUP: 3
185 1847 2615 #SUP: 3
572 2515 #SUP: 3
185 210 36 226 300 346 505 1732 1847 2260 2482 #SUP: 3
185 210 36 226 300 423 1732 2260 46 2430 2429 2478 #SUP: 3
36 347 226 300 78 346 1732 92 133 2453 #SUP: 3
499 503 688 684 2056 2448 #SUP: 3
210 499 347 300 346 458 1077 2362 2399 #SUP: 3
36 347 226 300 688 78 105 488 1732 92 46 212 1879 2390 #SUP: 3
185 210 347 226 300 78 346 1847 2348 #SUP: 3
2333 #SUP: 3
185 2318 #SUP: 3
2311 #SUP: 3
185 2305 #SUP: 3
2294 #SUP: 3
579 566 944 2284 2281 2290 2292 #SUP: 3
29 185 2260 2252 #SUP: 3
29 566 2249 #SUP: 3
210 85 1732 52 906 2001 2116 2145 2244 #SUP: 3
85 906 2001 2145 2236 #SUP: 3
210 1732 214 102 2116 2240 2234 #SUP: 3
2122 #SUP: 3
210 347 2109 #SUP: 3
210 2106 #SUP: 3
185 210 36 347 300 459 1732 92 1847 133 1957 2063 #SUP: 3
499 503 662 688 2056 2050 #SUP: 3
210 36 347 300 459 527 688 709 596 488 188 515 988 1939 2022 #SUP: 3
185 85 527 1847 558 987 1975 #SUP: 3
185 210 36 300 527 72 423 596 1732 512 545 558 987 1185 839 1681 1958 2015 1658 1971 #SUP: 3
185 210 36 347 300 459 527 72 596 315 1732 92 512 515 545 1988 74 1958 2015 1948 #SUP: 3
185 210 347 300 512 948 1847 1988 784 1912 #SUP: 3
185 210 300 47 423 512 1847 1185 381 1175 1681 1886 #SUP: 3
185 210 347 300 184 105 423 126 512 1185 1988 1681 1884 #SUP: 3
185 210 36 85 300 527 72 596 1732 512 545 1847 52 2001 516 1790 1958 2015 1765 #SUP: 3
36 347 300 527 184 688 72 105 488 1732 92 188 545 212 1879 1746 #SUP: 3
210 499 347 300 948 1697 #SUP: 3
210 36 347 300 459 527 596 515 948 235 1910 1772 1669 #SUP: 3
210 1641 #SUP: 3
210 72 1621 #SUP: 3
210 459 527 532 709 608 677 1346 1350 1538 #SUP: 3
210 184 105 608 1346 1342 1411 #SUP: 3
701 1352 #SUP: 3
701 1335 #SUP: 3
210 527 532 72 677 976 1305 #SUP: 3
210 72 701 1286 #SUP: 3
527 184 532 72 105 608 1281 #SUP: 3
210 459 527 72 1262 #SUP: 3
1178 #SUP: 3
210 347 300 608 458 1082 1162 699 956 1077 967 1161 #SUP: 3
300 47 1094 #SUP: 3
29 210 347 300 78 596 608 1162 1091 #SUP: 3
210 347 300 78 105 458 1077 1090 #SUP: 3
210 347 300 596 235 1081 #SUP: 3
210 347 300 78 608 1082 1162 956 976 1042 1072 #SUP: 3
210 347 1070 #SUP: 3
210 347 300 184 105 596 188 987 1185 988 1049 #SUP: 3
347 300 608 458 188 1162 1047 #SUP: 3
29 210 347 1039 #SUP: 3
29 210 347 300 596 608 1082 1162 235 956 1018 #SUP: 3
1001 #SUP: 3
347 300 47 184 105 188 123 124 157 996 #SUP: 3
685 936 #SUP: 3
925 #SUP: 3
910 #SUP: 3
499 503 662 688 684 902 #SUP: 3
891 #SUP: 3
210 459 532 861 #SUP: 3
499 685 504 687 845 #SUP: 3
210 459 827 #SUP: 3
210 815 #SUP: 3
210 532 812 #SUP: 3
685 782 #SUP: 3
185 210 532 423 19 75 340 793 839 777 #SUP: 3
499 685 13 504 760 #SUP: 3
210 499 680 758 #SUP: 3
780 737 #SUP: 3
677 712 #SUP: 3
29 347 78 699 704 #SUP: 3
347 503 527 662 688 709 24 684 488 703 #SUP: 3
185 347 423 657 #SUP: 3
685 347 503 504 709 24 634 #SUP: 3
608 607 #SUP: 3
596 599 #SUP: 3
595 #SUP: 3
588 #SUP: 3
580 #SUP: 3
568 #SUP: 3
579 566 567 #SUP: 3
561 #SUP: 3
185 210 36 226 300 527 532 72 423 214 512 545 46 75 379 413 558 89 102 340 374 511 560 #SUP: 3
499 36 347 503 85 300 504 527 47 184 24 72 105 488 92 188 545 133 212 123 124 157 552 #SUP: 3
210 347 300 47 184 105 188 235 123 124 157 550 #SUP: 3
533 #SUP: 3
210 499 36 347 503 300 459 527 24 488 188 456 515 235 378 520 #SUP: 3
185 210 499 423 375 75 510 #SUP: 3
29 185 210 36 347 13 226 300 459 527 532 72 78 315 92 128 512 515 545 379 74 89 299 59 311 506 #SUP: 3
210 459 527 184 532 72 105 501 #SUP: 3
29 210 499 36 347 503 300 459 346 556 458 488 144 477 #SUP: 3
185 13 126 128 214 379 115 242 116 476 #SUP: 3
29 185 347 527 78 423 315 488 442 #SUP: 3
29 185 210 36 347 226 300 459 78 105 423 488 92 46 212 455 435 #SUP: 3
185 210 347 226 300 78 346 375 512 312 198 382 #SUP: 3
210 85 24 214 52 102 380 #SUP: 3
1 47 376 #SUP: 3
226 358 #SUP: 3
185 210 36 347 300 459 527 184 72 105 423 315 488 92 126 188 512 515 545 212 558 74 115 220 455 350 #SUP: 3
29 210 36 347 300 459 527 532 346 515 235 338 #SUP: 3
185 210 36 85 300 527 47 24 72 423 456 512 545 52 558 381 424 516 51 333 #SUP: 3
185 210 13 459 532 423 315 515 75 340 308 316 #SUP: 3
185 210 36 347 85 300 459 527 72 315 92 512 515 545 52 133 235 74 516 272 291 301 #SUP: 3
210 459 527 184 72 105 424 275 #SUP: 3
126 248 #SUP: 3
185 347 503 504 527 24 423 315 488 240 #SUP: 3
499 347 503 85 504 24 214 215 #SUP: 3
185 499 13 504 149 #SUP: 3
210 499 459 532 456 515 140 #SUP: 3
210 347 300 47 184 78 105 458 413 135 #SUP: 3
185 210 499 347 300 47 184 105 423 126 512 381 125 #SUP: 3
3149 #SUP: 4
185 210 701 1082 3149 #SUP: 3
210 347 300 608 1162 699 885 1346 3070 #SUP: 3
210 347 300 608 1162 3070 #SUP: 4
210 300 346 3014 #SUP: 4
29 210 36 347 300 459 688 709 488 2388 2430 #SUP: 3
210 36 300 346 1078 2362 2430 #SUP: 3
210 36 300 2430 #SUP: 4
29 210 36 347 300 459 346 2247 2388 #SUP: 3
29 185 210 36 347 226 300 459 78 1732 92 2260 2388 #SUP: 3
29 210 36 347 300 459 2388 #SUP: 4
185 210 226 300 346 423 1847 2362 #SUP: 3
210 300 346 2362 #SUP: 4
29 2284 #SUP: 3
2284 #SUP: 4
29 185 505 2260 2247 #SUP: 3
29 2247 #SUP: 4
185 2260 2240 #SUP: 3
85 2240 #SUP: 3
29 2240 #SUP: 3
2240 #SUP: 4
185 85 379 906 2001 1068 2145 #SUP: 3
85 214 906 2001 2145 #SUP: 3
85 906 2001 2145 #SUP: 4
29 210 347 1732 2116 #SUP: 3
210 1732 2116 #SUP: 4
2092 2093 2094 2098 2099 2091 2100 #SUP: 4
185 210 36 300 527 72 596 1732 512 545 1958 2015 #SUP: 4
185 210 36 347 300 459 688 709 105 423 488 1732 92 212 455 1879 #SUP: 3
499 685 36 347 503 300 504 688 105 684 687 488 1732 92 133 212 1879 #SUP: 3
36 347 300 688 105 488 1732 92 212 1879 #SUP: 4
36 347 85 300 527 72 1732 92 545 133 1790 #SUP: 3
36 85 300 527 47 24 72 1732 545 1790 #SUP: 3
36 85 300 527 72 1732 545 1790 #SUP: 4
459 24 1910 1772 #SUP: 3
185 459 1910 1772 #SUP: 3
459 1910 1772 #SUP: 4
185 210 226 300 423 512 75 413 1185 1681 #SUP: 3
185 210 300 423 512 1185 1681 #SUP: 4
527 184 72 105 1566 #SUP: 3
685 184 1566 #SUP: 3
184 1566 #SUP: 4
210 608 458 701 956 1346 #SUP: 3
210 608 1346 #SUP: 4
210 300 47 596 987 1185 1175 #SUP: 3
210 300 47 413 976 1185 1175 #SUP: 3
210 347 300 47 184 105 1185 1175 #SUP: 3
210 300 47 1185 1175 #SUP: 4
1147 #SUP: 4
210 1082 1147 #SUP: 3
1103 #SUP: 4
29 210 347 300 458 144 1077 1078 #SUP: 3
210 300 596 1017 1078 #SUP: 3
210 300 1078 #SUP: 4
210 347 300 458 1077 #SUP: 4
29 210 347 1009 1073 #SUP: 3
210 1073 #SUP: 4
210 300 596 976 1068 #SUP: 3
1068 #SUP: 4
29 210 347 300 596 608 188 1162 699 988 1017 #SUP: 3
210 300 596 413 987 1185 1017 #SUP: 3
210 300 596 1017 #SUP: 4
347 300 184 78 105 608 188 1162 1009 #SUP: 3
347 1732 214 1009 #SUP: 3
347 1009 #SUP: 4
210 347 300 596 188 235 988 #SUP: 3
210 347 300 596 188 988 #SUP: 4
185 210 423 75 885 #SUP: 3
210 459 532 515 885 #SUP: 3
210 499 885 #SUP: 3
210 885 #SUP: 4
185 210 459 423 315 515 839 #SUP: 3
185 210 423 456 839 #SUP: 3
185 210 423 839 #SUP: 4
185 210 13 459 532 315 19 515 780 820 #SUP: 3
29 210 596 315 820 #SUP: 3
210 315 820 #SUP: 4
185 210 459 315 515 784 806 #SUP: 3
185 85 806 #SUP: 3
185 13 806 #SUP: 3
185 806 #SUP: 4
793 #SUP: 4
185 210 375 784 #SUP: 3
185 210 499 423 784 #SUP: 3
185 210 784 #SUP: 4
226 780 #SUP: 3
780 #SUP: 4
527 709 677 689 #SUP: 3
185 688 689 #SUP: 3
689 #SUP: 4
459 286 671 #SUP: 3
527 709 677 701 671 #SUP: 3
24 671 #SUP: 3
671 #SUP: 4
585 #SUP: 4
185 13 128 379 1988 585 #SUP: 3
572 #SUP: 4
185 210 36 85 226 300 527 532 72 346 505 375 512 545 52 379 89 516 #SUP: 3
185 210 36 85 300 527 72 512 545 52 516 #SUP: 4
185 210 499 36 347 503 300 459 504 105 423 488 92 133 212 455 #SUP: 3
185 210 36 347 300 459 105 423 488 92 212 455 #SUP: 4
210 527 532 72 286 424 #SUP: 3
210 527 72 424 #SUP: 4
210 459 527 532 72 418 #SUP: 3
13 85 418 #SUP: 3
418 #SUP: 4
185 210 226 300 47 346 423 375 512 75 413 381 #SUP: 3
185 210 300 47 423 512 381 #SUP: 4
36 347 226 300 527 184 532 72 78 105 488 92 128 188 214 545 46 212 40 299 360 #SUP: 3
185 459 527 532 558 40 360 #SUP: 3
499 1 503 85 527 532 556 40 360 #SUP: 3
527 532 40 360 #SUP: 4
185 210 532 423 375 456 75 340 #SUP: 3
185 210 532 423 75 340 #SUP: 4
210 1082 312 #SUP: 3
29 210 315 312 #SUP: 3
210 47 312 #SUP: 3
210 312 #SUP: 4
36 347 85 226 300 527 532 72 78 346 92 128 545 133 299 #SUP: 3
36 347 226 300 527 532 72 78 608 1732 92 128 545 1162 299 #SUP: 3
36 347 226 300 527 532 72 78 92 128 545 299 #SUP: 4
29 185 210 36 347 226 300 459 78 346 505 92 133 246 #SUP: 3
499 246 #SUP: 3
246 #SUP: 4
126 242 #SUP: 4
29 210 347 214 102 220 #SUP: 3
210 499 347 503 85 504 24 52 220 #SUP: 3
210 347 709 1732 220 #SUP: 3
210 347 220 #SUP: 4
208 #SUP: 4
210 499 347 300 346 458 208 #SUP: 3
185 210 347 226 300 184 78 105 423 126 512 75 413 200 #SUP: 3
29 128 200 #SUP: 3
200 #SUP: 4
347 300 47 184 78 105 458 188 123 124 157 #SUP: 3
347 300 47 184 105 188 123 124 157 #SUP: 4
29 210 347 300 458 188 235 144 #SUP: 3
29 210 347 300 78 105 458 144 #SUP: 3
29 210 347 300 458 144 #SUP: 4
185 688 126 1988 115 #SUP: 3
185 499 503 85 504 126 115 #SUP: 3
185 126 115 #SUP: 4
210 214 102 #SUP: 4
185 210 36 226 300 527 532 72 512 545 379 89 #SUP: 4
185 210 36 347 300 459 527 72 315 92 512 515 545 74 #SUP: 4
14 #SUP: 4
210 14 #SUP: 3
10 #SUP: 4
2092 2093 2094 2098 2099 #SUP: 5
499 503 662 688 684 948 2056 #SUP: 3
210 499 36 347 503 300 459 688 709 684 488 2056 #SUP: 3
499 685 503 504 688 687 2056 #SUP: 3
185 499 685 503 504 688 684 2056 #SUP: 3
499 503 688 684 2056 #SUP: 4
499 685 503 504 662 688 2056 #SUP: 3
499 503 662 688 2056 #SUP: 4
499 685 503 504 688 2056 #SUP: 4
499 503 688 2056 #SUP: 5
185 85 948 1988 2001 #SUP: 3
210 347 85 1732 52 1910 2001 #SUP: 3
210 85 24 1732 52 2001 #SUP: 3
210 85 1732 52 2001 #SUP: 4
499 685 503 85 504 2001 #SUP: 3
185 85 2001 #SUP: 4
85 2001 #SUP: 5
185 499 126 948 1988 #SUP: 3
185 948 1988 #SUP: 4
185 210 347 300 512 1988 #SUP: 4
185 126 1988 #SUP: 4
185 1988 #SUP: 5
210 499 347 503 709 24 1910 #SUP: 3
24 1910 #SUP: 4
210 347 1910 #SUP: 4
29 210 347 1910 #SUP: 3
1910 #SUP: 5
210 300 596 987 1185 #SUP: 4
210 347 300 184 78 105 608 1162 413 699 1185 #SUP: 3
210 300 413 1185 #SUP: 4
210 347 300 184 105 1185 #SUP: 4
210 300 1185 #SUP: 5
185 527 532 2260 558 987 #SUP: 3
185 459 527 558 987 #SUP: 3
185 527 558 987 #SUP: 4
987 #SUP: 5
210 608 701 956 976 #SUP: 3
210 184 105 608 458 956 976 #SUP: 3
210 608 956 976 #SUP: 4
210 300 976 #SUP: 4
210 976 #SUP: 5
210 347 300 608 1082 1162 956 #SUP: 4
210 459 527 532 608 677 701 956 #SUP: 3
210 608 701 956 #SUP: 4
210 608 458 956 #SUP: 4
210 608 956 #SUP: 5
579 944 #SUP: 4
589 579 944 #SUP: 3
29 944 #SUP: 3
944 #SUP: 5
499 685 503 85 504 906 #SUP: 3
13 85 906 #SUP: 3
85 906 #SUP: 5
29 210 347 830 #SUP: 3
210 830 #SUP: 4
830 #SUP: 5
210 347 300 608 1162 699 #SUP: 4
347 701 699 #SUP: 3
29 347 527 688 709 488 677 699 #SUP: 3
185 347 78 423 699 #SUP: 3
347 78 699 #SUP: 4
29 347 699 #SUP: 4
347 699 #SUP: 5
685 504 687 680 #SUP: 3
29 347 503 709 24 680 #SUP: 3
503 662 688 680 #SUP: 3
685 503 504 680 #SUP: 3
685 504 680 #SUP: 4
499 685 504 680 #SUP: 3
499 503 680 #SUP: 3
503 680 #SUP: 4
499 680 #SUP: 4
680 #SUP: 5
197 566 #SUP: 3
579 566 #SUP: 4
566 #SUP: 5
185 210 36 300 527 72 423 512 545 558 #SUP: 4
185 1 85 527 532 558 #SUP: 3
185 527 532 558 #SUP: 4
185 499 503 85 459 527 558 #SUP: 3
185 459 527 558 #SUP: 4
185 85 527 558 #SUP: 4
185 527 558 #SUP: 5
185 210 226 300 423 512 75 413 #SUP: 4
29 210 347 300 184 78 105 188 413 #SUP: 3
210 347 300 184 78 105 413 #SUP: 4
210 300 47 413 #SUP: 4
210 300 413 #SUP: 5
185 85 214 379 #SUP: 3
185 214 379 #SUP: 4
185 13 85 128 379 #SUP: 3
185 13 128 379 #SUP: 4
185 85 379 #SUP: 4
185 379 #SUP: 5
210 36 300 527 532 24 346 456 286 #SUP: 3
210 527 532 677 286 #SUP: 3
210 459 527 532 458 286 #SUP: 3
459 24 286 #SUP: 3
185 24 286 #SUP: 3
24 286 #SUP: 4
210 527 532 286 #SUP: 4
459 286 #SUP: 4
286 #SUP: 5
210 36 347 300 459 527 515 235 #SUP: 4
210 347 300 188 235 #SUP: 4
210 347 300 596 235 #SUP: 4
29 210 347 300 78 235 #SUP: 3
29 210 347 300 235 #SUP: 4
210 347 300 235 #SUP: 5
499 36 347 503 226 300 504 78 105 346 556 458 488 92 46 133 212 #SUP: 3
499 36 347 503 300 504 105 488 92 133 212 #SUP: 4
36 347 226 300 78 105 488 92 46 212 #SUP: 4
36 347 300 527 184 72 105 488 92 188 545 212 #SUP: 4
36 347 300 105 488 92 212 #SUP: 5
185 1245 197 #SUP: 3
29 185 505 197 #SUP: 3
185 459 197 #SUP: 3
185 197 #SUP: 4
197 #SUP: 5
36 347 85 300 527 72 92 545 133 #SUP: 4
36 347 300 1732 92 133 #SUP: 4
36 347 226 300 78 346 92 133 #SUP: 4
185 210 36 347 300 459 92 133 #SUP: 4
36 347 300 92 133 #SUP: 5
185 210 423 375 75 #SUP: 4
185 210 423 75 #SUP: 5
29 210 315 64 #SUP: 3
47 64 #SUP: 3
13 64 #SUP: 4
29 185 13 64 #SUP: 3
29 64 #SUP: 4
64 #SUP: 5
210 85 24 52 #SUP: 4
29 210 347 85 52 #SUP: 3
210 347 85 52 #SUP: 4
210 85 52 #SUP: 5
1 36 85 226 300 527 47 532 24 72 346 214 545 46 #SUP: 3
36 226 300 527 532 72 214 545 46 #SUP: 4
36 226 300 346 1732 46 #SUP: 3
36 226 300 1732 46 #SUP: 4
185 210 36 226 300 346 423 505 46 #SUP: 3
185 210 36 226 300 423 46 #SUP: 4
36 226 300 346 46 #SUP: 4
36 226 300 46 #SUP: 5
185 85 527 532 1847 2260 #SUP: 3
185 459 1847 2260 #SUP: 3
185 1847 2260 #SUP: 4
185 505 1245 2260 #SUP: 3
185 210 36 226 300 1732 2260 #SUP: 4
185 85 505 2260 #SUP: 3
185 505 2260 #SUP: 4
185 459 527 532 2260 #SUP: 3
185 527 532 2260 #SUP: 4
185 459 2260 #SUP: 4
185 85 2260 #SUP: 4
29 185 13 2260 #SUP: 3
185 2260 #SUP: 6
29 185 2260 #SUP: 4
185 210 300 512 1847 #SUP: 4
185 210 36 300 423 1732 1847 #SUP: 3
185 210 36 300 1732 1847 #SUP: 4
185 499 685 503 459 684 687 1847 #SUP: 3
185 210 499 347 300 105 423 1847 #SUP: 3
185 210 300 423 1847 #SUP: 4
185 210 226 300 346 1847 #SUP: 4
185 85 459 527 1847 #SUP: 3
185 85 527 1847 #SUP: 4
185 459 1847 #SUP: 4
185 210 347 300 1847 #SUP: 4
185 210 300 1847 #SUP: 5
185 499 1847 #SUP: 4
185 1847 #SUP: 6
185 85 1245 #SUP: 3
210 1245 #SUP: 3
185 1245 #SUP: 5
29 1245 #SUP: 3
1245 #SUP: 6
347 300 608 188 1162 #SUP: 4
499 347 300 346 608 458 1162 #SUP: 3
347 300 47 184 78 105 608 458 1162 #SUP: 3
347 300 608 458 1162 #SUP: 4
29 210 347 300 596 608 1162 #SUP: 4
347 226 300 78 346 608 1162 #SUP: 3
36 347 300 527 532 346 608 1162 #SUP: 3
347 300 346 608 1162 #SUP: 4
347 226 300 184 78 105 608 1162 #SUP: 3
347 300 184 78 105 608 1162 #SUP: 4
347 226 300 78 608 1162 #SUP: 4
210 347 300 78 608 1162 #SUP: 4
347 300 78 608 1162 #SUP: 5
36 347 300 527 532 608 1162 #SUP: 4
210 347 300 608 1162 #SUP: 5
347 300 608 1162 #SUP: 6
210 701 1082 #SUP: 4
29 210 596 1082 #SUP: 4
210 47 1082 #SUP: 3
210 1082 #SUP: 6
126 948 #SUP: 4
210 347 300 948 #SUP: 4
499 948 #SUP: 4
948 #SUP: 6
589 579 #SUP: 4
29 589 579 #SUP: 3
579 #SUP: 6
185 210 36 300 527 72 512 545 #SUP: 5
36 347 300 527 72 1732 92 545 #SUP: 4
36 347 300 527 72 92 545 #SUP: 5
36 226 300 527 532 72 1732 545 #SUP: 4
36 300 527 72 1732 545 #SUP: 5
36 85 226 300 527 532 72 346 545 #SUP: 4
36 85 300 527 47 24 72 545 #SUP: 4
36 226 300 527 532 72 545 #SUP: 5
36 85 300 527 72 545 #SUP: 5
36 300 527 72 545 #SUP: 6
185 210 499 459 504 423 315 456 515 #SUP: 3
210 499 459 456 515 #SUP: 4
185 210 13 459 532 315 375 515 #SUP: 3
29 210 36 347 300 459 527 532 488 188 515 #SUP: 3
210 36 347 300 459 527 488 188 515 #SUP: 4
185 210 459 423 315 515 #SUP: 4
185 210 13 459 532 315 515 #SUP: 4
185 210 459 315 515 #SUP: 5
210 36 347 300 459 527 596 515 #SUP: 4
29 210 36 347 300 459 527 532 515 #SUP: 4
210 459 532 515 #SUP: 5
210 36 347 300 459 527 515 #SUP: 5
210 459 515 #SUP: 6
185 210 226 300 346 375 512 #SUP: 4
185 210 347 300 184 105 423 126 512 #SUP: 4
185 210 300 423 512 #SUP: 5
185 210 347 226 300 78 512 #SUP: 4
185 210 226 300 512 #SUP: 5
185 210 347 300 512 #SUP: 5
185 210 300 512 #SUP: 6
677 456 #SUP: 3
210 36 300 527 24 596 456 #SUP: 3
29 556 456 #SUP: 3
185 210 423 456 #SUP: 4
210 36 300 527 24 456 #SUP: 4
210 532 456 #SUP: 4
210 456 #SUP: 5
456 #SUP: 6
185 459 428 #SUP: 3
185 499 503 85 428 #SUP: 3
185 428 #SUP: 4
29 428 #SUP: 3
428 #SUP: 6
185 210 532 19 375 #SUP: 3
185 210 532 375 #SUP: 4
185 210 375 #SUP: 5
375 #SUP: 6
688 128 214 #SUP: 3
499 503 85 504 128 214 #SUP: 3
128 214 #SUP: 4
85 24 1732 214 #SUP: 3
1732 214 #SUP: 4
85 24 214 #SUP: 4
499 685 503 85 504 214 #SUP: 3
499 503 85 504 214 #SUP: 4
85 214 #SUP: 5
347 214 #SUP: 4
214 #SUP: 6
499 36 347 503 300 527 532 24 346 556 458 488 188 #SUP: 3
499 36 347 503 300 527 662 688 24 684 488 188 #SUP: 3
499 36 347 503 300 527 24 488 188 #SUP: 4
36 347 300 527 688 488 188 #SUP: 4
36 347 300 527 532 488 188 #SUP: 4
36 347 300 527 488 188 #SUP: 5
347 300 458 188 #SUP: 4
347 300 184 78 105 188 #SUP: 4
210 347 300 184 105 188 #SUP: 4
347 300 184 105 188 #SUP: 5
29 210 347 300 188 #SUP: 4
210 347 300 188 #SUP: 5
347 300 188 #SUP: 6
29 677 128 #SUP: 3
556 128 #SUP: 3
85 128 #SUP: 4
29 128 #SUP: 4
128 #SUP: 6
185 499 126 #SUP: 4
185 126 #SUP: 5
126 #SUP: 6
36 347 226 300 78 1732 92 #SUP: 4
185 210 36 347 300 459 1732 92 #SUP: 4
36 347 300 1732 92 #SUP: 5
29 185 210 36 347 226 300 459 78 92 #SUP: 4
36 347 226 300 78 92 #SUP: 5
185 210 36 347 300 459 92 #SUP: 5
36 347 300 92 #SUP: 6
185 527 505 677 19 #SUP: 3
29 185 347 527 78 315 677 19 #SUP: 3
185 527 423 677 19 #SUP: 3
185 527 677 19 #SUP: 4
185 423 315 19 #SUP: 3
185 315 19 #SUP: 4
185 423 19 #SUP: 4
185 210 532 19 #SUP: 4
13 19 #SUP: 4
185 19 #SUP: 5
19 #SUP: 6
185 210 36 300 423 1732 #SUP: 4
36 226 300 346 1732 #SUP: 4
499 685 347 503 85 504 24 1732 #SUP: 3
85 24 1732 #SUP: 4
210 499 685 347 503 504 709 1732 #SUP: 3
29 210 347 709 1732 #SUP: 3
210 347 709 1732 #SUP: 4
499 685 347 503 504 1732 #SUP: 4
36 226 300 1732 #SUP: 5
185 210 36 300 1732 #SUP: 5
36 300 1732 #SUP: 6
347 85 1732 #SUP: 4
85 1732 #SUP: 5
29 210 347 1732 #SUP: 4
210 347 1732 #SUP: 5
347 1732 #SUP: 6
210 1732 #SUP: 6
1732 #SUP: 7
29 347 527 677 701 #SUP: 3
527 677 701 #SUP: 4
185 347 78 701 #SUP: 3
184 701 #SUP: 3
347 701 #SUP: 4
210 701 #SUP: 5
185 701 #SUP: 4
701 #SUP: 7
210 459 527 532 72 608 677 #SUP: 3
210 459 527 532 608 677 #SUP: 4
210 36 300 527 532 596 677 #SUP: 4
210 527 532 72 677 #SUP: 4
527 24 677 #SUP: 3
527 709 677 #SUP: 4
210 527 532 677 #SUP: 5
29 347 527 677 #SUP: 4
527 677 #SUP: 6
29 677 #SUP: 5
677 #SUP: 7
589 #SUP: 7
29 589 #SUP: 4
29 185 347 503 504 78 423 488 505 #SUP: 3
29 185 347 527 78 315 505 #SUP: 3
185 527 24 423 505 #SUP: 3
185 423 505 #SUP: 4
185 210 36 226 300 346 505 #SUP: 4
29 185 347 78 505 #SUP: 4
185 527 505 #SUP: 4
29 185 13 85 505 #SUP: 3
185 85 505 #SUP: 4
185 505 #SUP: 6
29 185 505 #SUP: 5
29 505 #SUP: 6
505 #SUP: 7
499 36 347 503 300 688 346 556 684 458 488 #SUP: 3
499 36 347 503 300 346 556 458 488 #SUP: 4
185 347 527 688 709 423 315 488 #SUP: 3
185 347 527 423 315 488 #SUP: 4
185 685 347 503 504 688 709 423 684 687 488 #SUP: 3
685 347 503 504 688 78 684 687 488 #SUP: 3
685 347 503 504 527 662 688 24 684 687 488 #SUP: 3
685 347 503 504 688 684 687 488 #SUP: 4
347 503 527 662 688 24 684 488 #SUP: 4
29 347 503 688 709 684 488 #SUP: 3
347 503 688 709 684 488 #SUP: 4
499 36 347 503 300 688 684 488 #SUP: 4
347 503 688 684 488 #SUP: 5
29 185 347 688 709 78 423 488 #SUP: 3
29 185 347 78 423 488 #SUP: 4
185 347 688 709 423 488 #SUP: 4
185 347 503 504 423 488 #SUP: 4
185 347 423 488 #SUP: 5
347 503 504 527 24 78 488 #SUP: 3
347 527 688 78 488 #SUP: 3
347 688 78 488 #SUP: 4
347 527 78 488 #SUP: 4
347 503 504 78 488 #SUP: 4
347 78 488 #SUP: 5
347 503 504 527 24 488 #SUP: 4
29 347 503 527 24 488 #SUP: 3
347 503 527 24 488 #SUP: 5
347 527 688 709 488 #SUP: 4
210 36 347 300 459 688 709 488 #SUP: 4
29 347 688 709 488 #SUP: 4
347 688 709 488 #SUP: 5
347 527 688 488 #SUP: 5
36 347 300 688 488 #SUP: 5
347 688 488 #SUP: 6
29 347 527 488 #SUP: 4
347 527 488 #SUP: 6
347 503 504 488 #SUP: 5
210 499 36 347 503 300 459 488 #SUP: 4
29 210 36 347 300 459 488 #SUP: 4
210 36 347 300 459 488 #SUP: 5
499 36 347 503 300 488 #SUP: 5
36 347 300 488 #SUP: 6
29 347 503 488 #SUP: 4
347 503 488 #SUP: 6
29 347 488 #SUP: 5
347 488 #SUP: 7
184 105 608 458 #SUP: 4
527 532 608 458 #SUP: 3
608 458 #SUP: 5
185 210 499 347 226 300 78 105 346 423 458 #SUP: 3
499 347 226 300 47 184 78 105 346 458 #SUP: 3
499 347 226 300 78 105 346 458 #SUP: 4
210 499 347 300 346 458 #SUP: 4
499 347 300 346 458 #SUP: 5
347 300 47 184 78 105 458 #SUP: 4
210 347 300 78 105 458 #SUP: 4
347 300 78 105 458 #SUP: 5
527 184 532 72 105 458 #SUP: 3
210 184 105 458 #SUP: 4
184 105 458 #SUP: 5
210 459 105 458 #SUP: 3
210 105 458 #SUP: 5
105 458 #SUP: 6
210 459 709 458 #SUP: 3
527 532 458 #SUP: 4
210 459 458 #SUP: 4
210 347 300 458 #SUP: 5
347 300 458 #SUP: 6
210 458 #SUP: 6
458 #SUP: 7
185 685 504 423 687 315 #SUP: 3
210 709 596 315 #SUP: 3
210 596 315 #SUP: 4
185 504 423 315 #SUP: 4
185 423 315 #SUP: 5
29 185 347 527 78 315 #SUP: 4
29 709 315 #SUP: 3
709 315 #SUP: 4
210 47 315 #SUP: 3
185 347 527 315 #SUP: 5
29 210 315 #SUP: 4
210 315 #SUP: 6
185 315 #SUP: 6
29 315 #SUP: 5
315 #SUP: 7
499 685 503 556 684 687 #SUP: 3
499 685 503 85 504 662 688 684 687 #SUP: 3
685 503 504 662 688 684 687 #SUP: 4
499 685 503 504 688 684 687 #SUP: 4
685 503 504 688 684 687 #SUP: 5
499 685 503 85 527 662 684 687 #SUP: 3
185 685 503 527 662 684 687 #SUP: 3
685 503 527 662 684 687 #SUP: 4
499 685 503 85 662 684 687 #SUP: 4
685 503 662 684 687 #SUP: 5
499 685 503 684 687 #SUP: 5
185 685 503 684 687 #SUP: 4
685 503 684 687 #SUP: 6
185 210 499 685 459 504 423 687 #SUP: 3
185 685 504 423 687 #SUP: 4
499 685 503 504 184 662 688 687 #SUP: 3
685 503 504 662 688 687 #SUP: 5
499 685 503 504 662 688 687 #SUP: 4
499 685 503 504 688 687 #SUP: 5
685 503 504 688 687 #SUP: 6
499 685 1 503 662 687 #SUP: 3
499 685 503 662 687 #SUP: 5
685 503 662 687 #SUP: 6
499 685 532 687 #SUP: 3
499 685 504 687 #SUP: 6
685 504 687 #SUP: 7
185 499 685 459 687 #SUP: 4
499 685 503 687 #SUP: 6
685 503 687 #SUP: 7
499 685 687 #SUP: 7
185 685 687 #SUP: 5
685 687 #SUP: 8
499 503 527 532 662 556 684 #SUP: 3
499 503 459 556 684 #SUP: 3
499 503 556 684 #SUP: 4
499 685 503 85 504 662 688 684 #SUP: 4
185 685 503 504 662 688 684 #SUP: 3
685 503 504 662 688 684 #SUP: 5
499 503 662 688 684 #SUP: 5
503 662 688 684 #SUP: 6
499 685 503 504 688 684 #SUP: 5
185 685 503 504 688 684 #SUP: 4
685 503 504 688 684 #SUP: 6
499 503 688 684 #SUP: 6
503 688 684 #SUP: 7
499 503 459 527 662 684 #SUP: 3
499 503 527 662 684 #SUP: 4
503 527 662 684 #SUP: 5
499 685 503 85 662 684 #SUP: 5
185 499 685 503 85 662 684 #SUP: 3
185 685 503 662 684 #SUP: 4
685 503 662 684 #SUP: 6
499 503 662 684 #SUP: 6
503 662 684 #SUP: 7
499 503 459 684 #SUP: 4
499 685 503 684 #SUP: 6
185 499 685 503 684 #SUP: 4
185 685 503 684 #SUP: 5
685 503 684 #SUP: 7
499 503 684 #SUP: 7
503 684 #SUP: 8
596 608 #SUP: 5
210 184 105 608 #SUP: 4
184 105 608 #SUP: 5
527 532 72 608 #SUP: 4
527 532 608 #SUP: 5
210 608 #SUP: 6
608 #SUP: 8
210 709 596 #SUP: 4
29 210 709 596 #SUP: 3
210 47 596 #SUP: 4
210 36 300 527 596 #SUP: 5
210 347 300 596 #SUP: 5
210 300 596 #SUP: 6
29 210 596 #SUP: 5
210 596 #SUP: 7
596 #SUP: 8
72 556 #SUP: 3
499 503 459 527 532 556 #SUP: 3
499 503 527 532 556 #SUP: 4
185 499 503 459 556 #SUP: 3
499 503 459 556 #SUP: 4
499 503 556 #SUP: 5
1 36 556 #SUP: 3
685 36 556 #SUP: 3
36 556 #SUP: 5
685 1 556 #SUP: 3
1 556 #SUP: 4
685 556 #SUP: 4
185 210 556 #SUP: 3
210 556 #SUP: 4
185 556 #SUP: 4
29 556 #SUP: 4
556 #SUP: 8
185 210 226 300 346 423 #SUP: 4
185 210 347 226 300 78 105 423 #SUP: 4
185 210 499 347 300 105 423 #SUP: 4
185 210 347 300 105 423 #SUP: 5
185 347 78 423 #SUP: 5
185 527 24 423 #SUP: 4
185 527 423 #SUP: 5
185 210 499 459 504 423 #SUP: 4
185 504 423 #SUP: 5
185 210 459 423 #SUP: 5
185 210 226 300 423 #SUP: 5
185 210 36 300 423 #SUP: 5
185 210 300 423 #SUP: 6
185 347 423 #SUP: 6
185 210 499 423 #SUP: 5
185 210 423 #SUP: 7
185 423 #SUP: 8
185 210 347 226 300 78 346 #SUP: 4
347 226 300 78 346 #SUP: 5
36 300 527 532 24 346 #SUP: 4
36 347 300 527 532 346 #SUP: 4
210 36 300 527 532 346 #SUP: 4
36 300 527 532 346 #SUP: 5
226 300 47 346 #SUP: 4
29 210 36 347 300 459 346 #SUP: 4
36 226 300 346 #SUP: 5
185 210 226 300 346 #SUP: 5
226 300 346 #SUP: 6
36 347 300 346 #SUP: 5
210 347 300 346 #SUP: 5
347 300 346 #SUP: 6
210 36 300 346 #SUP: 5
36 300 346 #SUP: 6
210 300 346 #SUP: 6
300 346 #SUP: 7
29 226 346 #SUP: 4
226 346 #SUP: 7
29 346 #SUP: 5
346 #SUP: 8
347 226 300 184 78 105 #SUP: 4
347 300 184 78 105 #SUP: 5
347 226 300 78 105 #SUP: 5
29 210 347 300 78 105 #SUP: 4
210 347 300 78 105 #SUP: 5
347 300 78 105 #SUP: 6
210 459 527 184 709 72 105 #SUP: 3
527 184 532 72 105 #SUP: 4
210 459 527 184 72 105 #SUP: 4
527 184 72 105 #SUP: 5
210 459 709 105 #SUP: 4
499 347 300 47 184 105 #SUP: 4
210 347 300 47 184 105 #SUP: 4
347 300 47 184 105 #SUP: 5
210 347 300 184 105 #SUP: 5
347 300 184 105 #SUP: 6
210 184 105 #SUP: 6
184 105 #SUP: 7
210 459 105 #SUP: 5
499 347 300 105 #SUP: 5
210 347 300 105 #SUP: 6
347 300 105 #SUP: 7
210 105 #SUP: 7
105 #SUP: 8
347 527 78 #SUP: 5
185 210 347 226 300 78 #SUP: 5
347 226 300 78 #SUP: 6
29 210 347 300 78 #SUP: 5
210 347 300 78 #SUP: 6
347 300 78 #SUP: 7
185 347 78 #SUP: 6
29 185 347 78 #SUP: 5
29 347 78 #SUP: 6
347 78 #SUP: 8
210 459 527 532 72 #SUP: 4
210 527 532 72 #SUP: 5
527 532 72 #SUP: 6
210 459 527 72 #SUP: 5
210 527 72 #SUP: 6
527 72 #SUP: 7
185 210 72 #SUP: 6
210 72 #SUP: 7
72 #SUP: 8
347 503 709 24 #SUP: 4
36 300 527 24 #SUP: 5
527 24 #SUP: 6
499 347 503 85 504 24 #SUP: 4
685 347 503 504 24 #SUP: 4
29 347 503 504 24 #SUP: 3
347 503 504 24 #SUP: 5
185 459 24 #SUP: 3
459 24 #SUP: 4
85 24 #SUP: 5
210 499 347 503 24 #SUP: 4
29 210 499 347 503 24 #SUP: 3
499 347 503 24 #SUP: 5
29 347 503 24 #SUP: 4
347 503 24 #SUP: 6
210 24 #SUP: 5
185 24 #SUP: 5
24 #SUP: 8
210 459 527 709 #SUP: 4
527 709 #SUP: 5
29 685 347 503 504 709 #SUP: 3
685 347 503 504 709 #SUP: 4
210 459 709 #SUP: 5
210 499 347 503 709 #SUP: 4
29 210 499 347 503 709 #SUP: 3
29 347 503 709 #SUP: 4
347 503 709 #SUP: 5
29 210 347 709 #SUP: 4
210 347 709 #SUP: 5
29 347 709 #SUP: 5
347 709 #SUP: 6
29 210 709 #SUP: 5
210 709 #SUP: 7
29 709 #SUP: 6
709 #SUP: 9
499 685 503 504 662 688 #SUP: 5
685 503 504 662 688 #SUP: 6
499 503 662 688 #SUP: 6
503 662 688 #SUP: 7
184 688 #SUP: 4
499 685 503 504 688 #SUP: 6
685 503 504 688 #SUP: 7
13 688 #SUP: 3
499 503 688 #SUP: 7
503 688 #SUP: 8
185 688 #SUP: 5
688 #SUP: 9
499 685 503 662 #SUP: 6
685 503 662 #SUP: 7
499 503 662 #SUP: 7
503 662 #SUP: 8
499 662 #SUP: 8
662 #SUP: 9
185 85 459 527 532 #SUP: 3
210 459 527 532 #SUP: 5
185 459 527 532 #SUP: 4
459 527 532 #SUP: 6
36 347 300 527 532 #SUP: 5
210 36 300 527 532 #SUP: 5
36 300 527 532 #SUP: 6
1 85 527 532 #SUP: 4
185 85 527 532 #SUP: 4
85 527 532 #SUP: 5
210 527 532 #SUP: 6
185 527 532 #SUP: 5
527 532 #SUP: 8
499 504 532 #SUP: 3
185 499 459 532 #SUP: 3
499 459 532 #SUP: 4
210 459 532 #SUP: 6
185 459 532 #SUP: 5
459 532 #SUP: 7
499 532 #SUP: 5
185 210 532 #SUP: 5
210 532 #SUP: 7
185 532 #SUP: 6
532 #SUP: 9
499 1 503 504 184 #SUP: 3
499 503 504 184 #SUP: 4
685 184 #SUP: 4
499 184 #SUP: 5
184 #SUP: 9
210 300 47 #SUP: 5
300 47 #SUP: 6
1 47 #SUP: 4
29 210 47 #SUP: 3
210 47 #SUP: 6
47 #SUP: 9
185 85 459 527 #SUP: 4
499 503 459 527 #SUP: 4
210 459 527 #SUP: 6
185 459 527 #SUP: 5
459 527 #SUP: 7
36 347 300 527 #SUP: 6
210 36 300 527 #SUP: 6
36 300 527 #SUP: 7
499 503 85 527 #SUP: 4
185 85 527 #SUP: 5
85 527 #SUP: 6
499 503 527 #SUP: 5
185 503 527 #SUP: 4
503 527 #SUP: 6
29 347 527 #SUP: 5
347 527 #SUP: 7
210 527 #SUP: 7
185 527 #SUP: 7
527 #SUP: 10
499 503 13 85 504 #SUP: 3
499 685 503 85 504 #SUP: 5
499 503 85 504 #SUP: 6
499 13 504 #SUP: 4
685 347 503 504 #SUP: 5
29 210 499 347 503 504 #SUP: 3
210 499 347 503 504 #SUP: 4
499 347 503 504 #SUP: 5
29 347 503 504 #SUP: 4
347 503 504 #SUP: 6
499 685 503 504 #SUP: 7
685 503 504 #SUP: 8
185 499 503 504 #SUP: 4
499 503 504 #SUP: 8
185 503 504 #SUP: 5
503 504 #SUP: 9
210 499 685 504 #SUP: 4
185 499 685 504 #SUP: 4
499 685 504 #SUP: 8
185 685 504 #SUP: 5
685 504 #SUP: 9
210 499 504 #SUP: 5
185 499 504 #SUP: 5
499 504 #SUP: 9
185 504 #SUP: 6
504 #SUP: 10
29 210 36 347 300 459 #SUP: 5
210 36 347 300 459 #SUP: 6
185 499 503 459 #SUP: 4
499 503 459 #SUP: 5
210 499 459 #SUP: 5
185 499 459 #SUP: 5
499 459 #SUP: 6
185 210 459 #SUP: 6
210 459 #SUP: 8
185 459 #SUP: 8
459 #SUP: 10
185 210 36 226 300 #SUP: 5
36 226 300 #SUP: 6
185 210 226 300 #SUP: 6
226 300 #SUP: 7
36 347 300 #SUP: 7
210 499 347 300 #SUP: 5
499 347 300 #SUP: 6
185 210 347 300 #SUP: 6
29 210 347 300 #SUP: 6
210 347 300 #SUP: 8
347 300 #SUP: 9
185 210 36 300 #SUP: 6
210 36 300 #SUP: 7
36 300 #SUP: 8
185 210 300 #SUP: 7
210 300 #SUP: 9
300 #SUP: 10
1 226 #SUP: 4
685 226 #SUP: 3
29 226 #SUP: 6
226 #SUP: 10
185 13 85 #SUP: 4
13 85 #SUP: 5
499 685 503 85 #SUP: 6
185 499 503 85 #SUP: 4
499 503 85 #SUP: 7
347 85 #SUP: 5
185 85 #SUP: 7
29 85 #SUP: 4
85 #SUP: 10
36 13 #SUP: 4
185 13 #SUP: 6
29 185 13 #SUP: 4
13 #SUP: 10
29 210 499 347 503 #SUP: 4
210 499 347 503 #SUP: 5
499 347 503 #SUP: 6
29 347 503 #SUP: 5
347 503 #SUP: 7
499 1 503 #SUP: 4
499 685 503 #SUP: 8
685 503 #SUP: 9
185 499 503 #SUP: 5
499 503 #SUP: 10
185 503 #SUP: 6
503 #SUP: 11
210 499 347 #SUP: 6
499 347 #SUP: 7
29 210 347 #SUP: 7
210 347 #SUP: 9
185 347 #SUP: 7
29 347 #SUP: 8
347 #SUP: 11
1 36 #SUP: 4
685 36 #SUP: 4
36 #SUP: 11
685 1 #SUP: 5
1 #SUP: 11
185 499 685 #SUP: 5
499 685 #SUP: 9
185 685 #SUP: 6
685 #SUP: 13
210 499 #SUP: 7
185 499 #SUP: 7
499 #SUP: 13
185 210 #SUP: 9
29 210 #SUP: 8
210 #SUP: 14
185 #SUP: 14
29 185 #SUP: 6
29 #SUP: 14
